2.840306423099587252e-01 1.098452813485089496e+00
2.725397760754272314e-01 1.095405578613281250e+00
2.784325279905716100e-01 1.090738457791945448e+00
2.890394814378314803e-01 1.086519760244032851e+00
3.185032410135533176e-01 1.082635886528912739e+00
3.470830878020035315e-01 1.079060484381282992e+00
3.789039481437831425e-01 1.071152673048131554e+00
3.733058338243959717e-01 1.063614470117232313e+00
3.909840895698291074e-01 1.060222881681778917e+00
3.912787271655863153e-01 1.053218469900243370e+00
3.853859752504419367e-01 1.044428054024191477e+00
3.803771361225692371e-01 1.044335081296808632e+00
4.033588685916322802e-01 1.033047236063901142e+00
4.145550972304066217e-01 1.023742731879739187e+00
3.951090159104301835e-01 1.022713240455178640e+00
4.104301708898055456e-01 1.014748385723899471e+00
4.381261048909840805e-01 1.001863521688124647e+00
4.449027695934001381e-01 9.947270435445448866e-01
4.248674130819092287e-01 9.926948494770947429e-01
4.192692987625221135e-01 9.814573070582222059e-01
4.071891573364761485e-01 9.850379018222584770e-01
4.198585739540365291e-01 9.755773176165187799e-01
4.236888626988803974e-01 9.706571610534892036e-01
4.098408956982910745e-01 9.755169661606059028e-01
4.080730701237477720e-01 9.804916153935825385e-01
4.151443724219210374e-01 9.718604631283703776e-01
4.136711844431349427e-01 9.726093937368953668e-01
4.166175604007071320e-01 9.821785285192377035e-01
4.130819092516205271e-01 9.828889264779931967e-01
4.295816146140247760e-01 9.630879847442402886e-01
4.124926340601060559e-01 9.957219222012687609e-01
4.160282852091927164e-01 9.860211417955511148e-01
4.307601649970536073e-01 9.703207296483656874e-01
4.228049499116087184e-01 1.010246573125614944e+00
4.166175604007071320e-01 1.001098937848035053e+00
4.281084266352386813e-01 9.927742253331577338e-01
4.342958161461402677e-01 1.019681630765690628e+00
4.446081319976428747e-01 9.889855156926548041e-01
4.351797289334118912e-01 9.984285112689522679e-01
4.393046552740129673e-01 9.851682238719042806e-01
4.587507365939894055e-01 9.825841679292566244e-01
4.849734826163818457e-01 9.632416788269492214e-01
4.628756629345904261e-01 9.967699787195991590e-01
4.882144961697112429e-01 9.510628773885614340e-01
4.563936358279316319e-01 1.022483443512635981e+00
4.846788450206246379e-01 9.688916679690865452e-01
4.849734826163818457e-01 9.752701538450577745e-01
4.731879787860930886e-01 9.816892164594986925e-01
5.441956393635828393e-01 9.284270844038795545e-01
5.162050677666469856e-01 9.267554616226869602e-01
4.929286977018267346e-01 9.778001063010272054e-01
5.380082498526812529e-01 9.364414057310890271e-01
5.424278137890394813e-01 9.170035737402298937e-01
5.200353565114909093e-01 9.302403909318587294e-01
5.403653506187389155e-01 8.981228383148417427e-01
5.627578078962875985e-01 9.005738970111397679e-01
5.241602828520919299e-01 9.446347583742702447e-01
5.830878020035356046e-01 8.712932993383968316e-01
5.639363582793164298e-01 8.753838469000423395e-01
5.489098408956982755e-01 8.832809451748343532e-01
5.836770771950501313e-01 8.483186048619887343e-01
6.040070713022981375e-01 8.572249307351953451e-01
6.196228638774307074e-01 8.113225751063403157e-01
5.689451974071891849e-01 8.617968857288360596e-01
6.101944608131997239e-01 7.943287561921512641e-01
5.892751915144371910e-01 8.261789907427394830e-01
5.583382439599292590e-01 8.776719955837025688e-01
5.724808485562757898e-01 8.455766211537754096e-01
5.441956393635828393e-01 8.959057909600874892e-01
6.205067766647024419e-01 7.762637734413146973e-01
6.098998232174425160e-01 7.931302645627189563e-01
6.261048909840896126e-01 7.745179551489212999e-01
6.202121390689452340e-01 7.788373933118932779e-01
6.479080730701237689e-01 7.663179355509140978e-01
6.134354743665291210e-01 7.844264104085809652e-01
6.116676487919858740e-01 8.028492664589601535e-01
5.981143193871537589e-01 8.084219150683459310e-01
6.405421331761932402e-01 7.568649982704835910e-01
6.364172068355922196e-01 7.909426321001613580e-01
6.022392457277548905e-01 8.153426384224611301e-01
6.261048909840896126e-01 7.762508988380432129e-01
6.405421331761932402e-01 7.632970494382521620e-01
6.375957572186210509e-01 7.759533173897686931e-01
6.128461991750147053e-01 8.015357887043672580e-01
6.611667648791985652e-01 7.405569413129020617e-01
5.995875073659399090e-01 8.235664350145003310e-01
6.437831467295226373e-01 7.538437177153194391e-01
6.396582203889216167e-01 7.703277381027445747e-01
6.210960518562168575e-01 7.771125102744382840e-01
6.835592221567472482e-01 7.255501694539013835e-01
6.499705362404242237e-01 7.378228920347550401e-01
6.263995285798468204e-01 7.672464759910807564e-01
6.673541543901001516e-01 7.353716229691225070e-01
6.272834413671184439e-01 7.830747190643759792e-01
6.573364761343547524e-01 7.317549358395969428e-01
6.576311137301119603e-01 7.425017356872558594e-01
6.720683559222156989e-01 7.356499643886790230e-01
6.823806717737183059e-01 7.090926205410676975e-01
7.018267530936947995e-01 7.054825021940118734e-01
6.932822628167354395e-01 6.963843054631176921e-01
6.567472009428403368e-01 7.499129649470833714e-01
6.938715380082498552e-01 7.148568314664504042e-01
6.346493812610488616e-01 7.622344038065742566e-01
6.918090748379492894e-01 7.374606711022994032e-01
6.944608131997642708e-01 6.985383699922000922e-01
6.879787860931054766e-01 7.050313318476957303e-01
6.841484973482616638e-01 7.086201660773333577e-01
6.387743076016499932e-01 7.702776105964884712e-01
6.962286387743076288e-01 7.105891932459438287e-01
6.814967589864466824e-01 7.187609427115496663e-01
6.670595167943429438e-01 7.373449434252346002e-01
6.962286387743076288e-01 7.142281917964711235e-01
6.328815556865056147e-01 7.614935864420497857e-01
6.814967589864466824e-01 7.198100633480969401e-01
6.944608131997642708e-01 7.107134075725779487e-01
6.561579257513259211e-01 7.419650168979868843e-01
6.853270477312904951e-01 7.367722918005550348e-01
7.127283441367118222e-01 6.953471250393811198e-01
6.649970536240423780e-01 7.358747808372273491e-01
7.100766057748968407e-01 7.067263476988848714e-01
7.368886269888037521e-01 7.045692748883191081e-01
6.817913965822038902e-01 7.407423783751094781e-01
6.703005303476723409e-01 7.365801369442659396e-01
6.591043017088981104e-01 7.574701221550211860e-01
6.461402474955804109e-01 7.611119449138641357e-01
6.888626988803771001e-01 7.279042233439052545e-01
7.177371832645845773e-01 7.114673975635977810e-01
7.053624042427814045e-01 7.150981794385349311e-01
6.921037124337064972e-01 7.280990621622871473e-01
7.330583382439599394e-01 6.826841577010995810e-01
6.532115497937537318e-01 7.557816014570348795e-01
7.133176193282262378e-01 7.112187024425057347e-01
6.847377725397760795e-01 7.330291236148160916e-01
7.094873305833824251e-01 7.164613867507261258e-01
7.139068945197407645e-01 7.385494866791892932e-01
6.658809664113141125e-01 7.603362675975350315e-01
6.667648791985857359e-01 7.592491595184102104e-01
7.103712433706540486e-01 7.289802081444684001e-01
7.189157336476134086e-01 7.118329265538383410e-01
7.218621096051855979e-01 7.212479114532470703e-01
6.894519740718916267e-01 7.392603474504807481e-01
6.959340011785504210e-01 7.361213126603294299e-01
7.295226870948733344e-01 7.034874856472015381e-01
6.658809664113141125e-01 7.498726388987373426e-01
7.318797878609311081e-01 7.137448103988871528e-01
6.128461991750147053e-01 8.796370099572574652e-01
7.360047142015321286e-01 7.148940896286684055e-01
7.074248674130818593e-01 7.630329009364632542e-01
6.558632881555686023e-01 7.575986665837904921e-01
6.623453152622275075e-01 7.674815584631526910e-01
7.021213906894520074e-01 7.362951636314392090e-01
7.312905126694165814e-01 7.235468924045562744e-01
6.490866234531526002e-01 7.949770881849176352e-01
6.923983500294637050e-01 7.495612063828636096e-01
7.256923983500294106e-01 7.312478370526257487e-01
6.982911019446080836e-01 7.574798306998085096e-01
6.997642899233942337e-01 7.535263597965240479e-01
6.820860341779610980e-01 7.544664495131548909e-01
6.794342958161461166e-01 7.616833097794476481e-01
7.088980553918680094e-01 7.364000432631548909e-01
6.788450206246317009e-01 7.710554915315964708e-01
7.171479080730701616e-01 7.466134288731742785e-01
6.912197996464348737e-01 7.513828084749334391e-01
6.776664702416028696e-01 7.614217207712286051e-01
6.982911019446080836e-01 7.495682870640474338e-01
6.835592221567472482e-01 7.617525668705210640e-01
6.962286387743076288e-01 7.575142664067885390e-01
6.923983500294637050e-01 7.642537811223197863e-01
7.233352975839717480e-01 7.287437267163220378e-01
7.286387743076015999e-01 7.347068085389978354e-01
6.853270477312904951e-01 8.152150073472190783e-01
6.311137301119622567e-01 1.012081752805148893e+00
6.844431349440188717e-01 7.768826432087841960e-01
6.741308190925161536e-01 8.036967866560992269e-01
7.265763111373011451e-01 7.454378902912139893e-01
6.732469063052445302e-01 8.185462197836708143e-01
6.850324101355332873e-01 7.980843221440034885e-01
6.620506776664701887e-01 8.144848907695096951e-01
6.944608131997642708e-01 7.742571147049174263e-01
6.909251620506776659e-01 7.489028134766746447e-01
7.283441367118443921e-01 7.612588878940133030e-01
7.469063052445491513e-01 7.282249699620639838e-01
7.183264584560989929e-01 7.484487891197204590e-01
6.879787860931054766e-01 7.967794888159808187e-01
6.655863288155569046e-01 8.823834412238177327e-01
7.086034177961108016e-01 7.504763235064113580e-01
6.868002357100766453e-01 7.828888314611771593e-01
6.932822628167354395e-01 8.037760590805727023e-01
7.074248674130818593e-01 7.541215419769287109e-01
7.006482027106658572e-01 7.823204222847434108e-01
6.694166175604007174e-01 7.932573662084692057e-01
6.865055981143194375e-01 7.980177963481229764e-01
6.838538597525044560e-01 7.825023461790645563e-01
7.174425456688273695e-01 7.628890556447646132e-01
7.197996464348851431e-01 7.549653964884140978e-01
6.773718326458456618e-01 8.041852239300223415e-01
6.794342958161461166e-01 8.229505595038918431e-01
7.050677666470241967e-01 7.763089642805212076e-01
6.982911019446080836e-01 7.825249784133013753e-01
6.971125515615792523e-01 8.611100894563338271e-01
