2.418974661166764795e-01 1.119875122519100374e+00
2.631113730111962479e-01 1.112971116514766878e+00
4.593400117855038212e-01 1.089725196361541748e+00
4.955804360636417161e-01 1.070789722835316482e+00
5.730701237477902055e-01 1.054936493144315923e+00
5.350618738951090636e-01 1.039906319449929617e+00
5.895698291101945099e-01 1.022778167444116981e+00
5.639363582793164298e-01 1.000687094295725998e+00
5.415439010017678578e-01 9.858906374258153971e-01
5.450795521508544628e-01 9.750190745381748236e-01
5.471420153211550286e-01 9.563157751279718344e-01
5.400707130229817077e-01 9.452771316556369818e-01
4.602239245727755002e-01 9.376789348966935167e-01
4.905715969357690165e-01 9.291906847673303549e-01
4.941072480848556214e-01 9.163889551863950711e-01
4.893930465527401297e-01 9.117762656772837593e-01
5.000000000000000000e-01 9.073679359520182564e-01
5.138479670005893230e-01 8.929205922519459770e-01
4.923394225103123190e-01 8.933454261106603678e-01
4.820271066588096565e-01 8.944210112094879150e-01
4.864466705951679404e-01 8.908340369953828830e-01
5.038302887448438128e-01 8.768886923789978027e-01
5.008839127872716235e-01 8.841716051101684570e-01
5.179728933411903435e-01 8.586533823434043811e-01
4.961697112551561317e-01 8.833552984630360649e-01
5.150265173836181543e-01 8.697267560397877739e-01
5.044195639363582284e-01 8.726799715967739068e-01
5.247495580436063456e-01 8.603133296265321750e-01
5.109015910430171337e-01 8.682649503735935248e-01
5.164997053624041934e-01 8.760811143061694173e-01
5.047142015321155473e-01 8.880611482788535183e-01
5.173836181496759279e-01 8.772250641794765436e-01
5.244549204478491378e-01 8.822406004456913031e-01
5.129640542133175884e-01 9.030424216214347766e-01
5.253388332351207612e-01 8.751171844847062120e-01
5.282852091926929505e-01 8.845836222171783447e-01
5.441956393635828393e-01 8.663012963884016981e-01
5.441956393635828393e-01 8.513870695058036731e-01
5.285798467884501584e-01 9.161160395425909098e-01
5.441956393635828393e-01 8.879388658439412163e-01
5.441956393635828393e-01 8.724875888403724744e-01
5.441956393635828393e-01 8.755396604537963867e-01
5.441956393635828393e-01 8.542769270784714708e-01
5.441956393635828393e-01 8.638186928103951390e-01
5.441956393635828393e-01 8.683765916263356255e-01
5.441956393635828393e-01 8.525086606250089627e-01
5.441956393635828393e-01 8.883876011652105387e-01
5.441956393635828393e-01 8.991505521185257921e-01
5.441956393635828393e-01 8.969232702956480008e-01
5.441956393635828393e-01 9.153324523392845080e-01
5.441956393635828393e-01 8.959251414327060736e-01
5.441956393635828393e-01 8.948286473751068115e-01
5.441956393635828393e-01 9.023538091603446887e-01
5.441956393635828393e-01 8.818963134990018826e-01
5.441956393635828393e-01 9.049468426143422173e-01
5.450795521508544628e-01 8.773795699372011203e-01
5.441956393635828393e-01 8.997703808195450792e-01
5.441956393635828393e-01 9.049002896336948432e-01
5.441956393635828393e-01 9.220465842415305202e-01
5.441956393635828393e-01 9.224434863118564643e-01
5.742486741308191478e-01 9.028909048613380506e-01
5.545079552150854463e-01 9.281522614114424696e-01
5.662934590453742034e-01 9.148860205622280084e-01
5.671773718326458269e-01 9.245241003877976427e-01
5.636417206835592220e-01 9.553946502068463298e-01
5.441956393635828393e-01 9.919821812826044027e-01
6.140247495580436476e-01 9.376118989551768257e-01
5.683559222156747692e-01 9.733446854002335558e-01
5.671773718326458269e-01 9.650664574959698649e-01
5.727754861520329976e-01 9.635275199132806723e-01
5.742486741308191478e-01 9.746293863829444959e-01
6.075427224513847424e-01 9.791981928488787679e-01
5.751325869180907713e-01 9.798124204663669623e-01
6.010606953447259482e-01 9.566845858798307400e-01
5.624631703005303907e-01 1.013937094632316960e+00
5.609899823217442405e-01 1.016488492488861084e+00
6.084266352386564769e-01 9.894451463923734646e-01
6.084266352386564769e-01 1.017144264543757615e+00
6.090159104301708926e-01 1.035873192198136339e+00
6.125515615792574975e-01 1.014909693423439396e+00
5.518562168532704648e-01 1.042780921739690392e+00
5.910430170889805490e-01 1.002149126108955013e+00
6.045963464938126641e-01 1.054401495877434147e+00
5.975250441956393432e-01 1.038638365619322768e+00
6.069534472598703267e-01 1.053373431458192622e+00
5.710076605774896397e-01 1.072305099052541344e+00
6.140247495580436476e-01 1.053948539144852647e+00
6.081319976428992691e-01 1.051174418014638512e+00
5.998821449616971169e-01 1.080130396520390335e+00
6.016499705362404748e-01 1.049036124173332585e+00
6.045963464938126641e-01 1.051094104261959261e+00
6.140247495580436476e-01 1.072459927376578914e+00
6.140247495580436476e-01 1.081559223287245741e+00
6.166764879198586291e-01 1.054503030636731342e+00
6.190335886859162917e-01 1.096484072068158344e+00
6.140247495580436476e-01 1.056202828884124756e+00
6.140247495580436476e-01 1.105938192676095388e+00
6.140247495580436476e-01 1.093750441775602544e+00
6.181496758986446682e-01 1.113974969176685148e+00
6.140247495580436476e-01 1.110018111327115253e+00
6.069534472598703267e-01 1.088006833020378483e+00
6.154979375368296868e-01 1.005402817445642860e+00
6.140247495580436476e-01 1.071027491022558786e+00
6.140247495580436476e-01 1.155805833199444965e+00
6.063641720683559111e-01 1.109585314989089966e+00
6.140247495580436476e-01 1.110115463242811407e+00
6.140247495580436476e-01 1.089818728320738783e+00
6.125515615792574975e-01 1.109599404475268170e+00
6.243370654095462546e-01 1.187998710309758010e+00
6.140247495580436476e-01 1.123231225153979107e+00
6.119622863877430818e-01 1.138902578283758737e+00
6.140247495580436476e-01 1.125801154795814885e+00
6.122569239835002897e-01 1.131238118690602867e+00
6.154979375368296868e-01 1.167491057339836491e+00
6.140247495580436476e-01 1.130285296370001413e+00
6.140247495580436476e-01 1.128973478780073370e+00
6.104890984089569317e-01 1.118646581383312411e+00
6.181496758986446682e-01 1.105833986226250065e+00
6.175604007071302526e-01 1.157601629986482417e+00
6.175604007071302526e-01 1.195240930599324791e+00
6.122569239835002897e-01 1.128617603989208407e+00
6.140247495580436476e-01 1.145405480090309513e+00
6.104890984089569317e-01 1.222402344731723600e+00
6.122569239835002897e-01 1.173764653065625385e+00
6.140247495580436476e-01 1.109192494083853342e+00
6.140247495580436476e-01 1.144519655143513504e+00
5.960518562168533041e-01 1.210602521896362305e+00
6.140247495580436476e-01 1.227261734359404555e+00
6.140247495580436476e-01 1.146059628795174978e+00
6.140247495580436476e-01 1.139211356639862061e+00
6.140247495580436476e-01 1.168211123522590267e+00
6.140247495580436476e-01 1.169923184549107376e+00
6.140247495580436476e-01 1.170431549058241094e+00
6.140247495580436476e-01 1.193330650820451533e+00
6.104890984089569317e-01 1.232892572879791260e+00
5.595167943429582014e-01 1.152502052924212261e+00
6.140247495580436476e-01 1.227520746343276015e+00
6.140247495580436476e-01 1.185068630120333477e+00
6.140247495580436476e-01 1.264135618420208163e+00
6.084266352386564769e-01 1.201985792202107994e+00
6.125515615792574975e-01 1.228710665422327430e+00
6.066588096641131189e-01 1.306716501712799072e+00
6.140247495580436476e-01 1.218589507481631085e+00
6.110783736004714584e-01 1.195925346192191707e+00
6.149086623453152711e-01 1.200455371071310617e+00
6.125515615792574975e-01 1.230729958590339290e+00
6.116676487919858740e-01 1.202162158839842787e+00
6.113730111962286662e-01 1.195819000987445646e+00
6.202121390689452340e-01 1.209084971862680824e+00
6.096051856216853082e-01 1.251743369242724224e+00
6.375957572186210509e-01 1.273932646302615934e+00
6.246317030053034625e-01 1.227195864214616572e+00
6.101944608131997239e-01 1.278708661303800787e+00
6.066588096641131189e-01 1.235599665080799880e+00
6.060695344725987033e-01 1.229138312970890823e+00
6.184443134944018761e-01 1.273987961166045180e+00
6.240424278137890468e-01 1.271257686264374742e+00
6.157925751325868946e-01 1.286304505432353196e+00
6.246317030053034625e-01 1.372001062421237760e+00
6.352386564525633883e-01 1.403593582265517226e+00
6.107837360047142505e-01 1.226341841851963821e+00
6.122569239835002897e-01 1.262802423799739060e+00
6.140247495580436476e-01 1.209324654410867117e+00
6.110783736004714584e-01 1.252462641281240074e+00
5.824985268120211890e-01 1.328815274378832623e+00
6.093105480259281004e-01 1.271281365086050608e+00
6.140247495580436476e-01 1.208393430008607661e+00
6.266941661756040283e-01 1.376874022624071880e+00
6.134354743665291210e-01 1.639040343901690289e+00
6.190335886859162917e-01 1.338694586473352821e+00
6.411314083677077669e-01 1.305531829595565796e+00
6.187389510901590839e-01 1.279456878409666265e+00
6.243370654095462546e-01 1.345464212052962294e+00
6.098998232174425160e-01 1.309775164898704158e+00
6.175604007071302526e-01 1.304202065748326866e+00
6.107837360047142505e-01 1.235730844385483751e+00
6.101944608131997239e-01 1.269036829471588135e+00
6.284619917501472752e-01 1.392661701230441862e+00
6.154979375368296868e-01 1.242031705730101576e+00
6.131408367707719131e-01 1.273861448554431730e+00
6.272834413671184439e-01 1.325123390730689632e+00
6.210960518562168575e-01 1.317007730988895231e+00
6.060695344725987033e-01 1.266424131744048109e+00
6.143193871538008555e-01 1.309665248674504845e+00
6.110783736004714584e-01 1.316195680814630897e+00
6.243370654095462546e-01 1.342517184860566148e+00
6.172657631113730448e-01 1.269138488699408152e+00
6.196228638774307074e-01 1.299417534295250309e+00
6.187389510901590839e-01 1.351371484644272813e+00
6.140247495580436476e-01 1.286760104053160658e+00
6.116676487919858740e-01 1.314886592766817852e+00
6.261048909840896126e-01 1.353071931530447580e+00
6.302298173246906332e-01 1.354185125407050716e+00
6.314083677077194645e-01 1.251313603976193622e+00
6.202121390689452340e-01 1.319807140266194168e+00
6.305244549204478410e-01 1.346265047788619995e+00
6.122569239835002897e-01 1.288040006861967290e+00
6.278727165586328596e-01 1.457828479654648790e+00
6.263995285798468204e-01 1.346322059631347656e+00
4.781968179139658437e-01 1.399972417775322331e+00
