3.361814967589864533e-01 1.092217298115000901e+00
3.571007660577489862e-01 1.088632751913631624e+00
3.438420742486741344e-01 1.090056945295894808e+00
3.644667059516794594e-01 1.086130643592161382e+00
3.759575721862109532e-01 1.086986012318555073e+00
3.185032410135533176e-01 1.082773625850677490e+00
3.506187389510901364e-01 1.078405531013713059e+00
3.759575721862109532e-01 1.072859431014341558e+00
2.613435474366528899e-01 1.076577765100142470e+00
2.631113730111962479e-01 1.075051114839665978e+00
2.180318208603417851e-01 1.072443222298341547e+00
2.404242781378903848e-01 1.065821879050310894e+00
2.740129640542133260e-01 1.062682025572832867e+00
2.498526812021213961e-01 1.067249094738679682e+00
2.908073070123747828e-01 1.064158380031585693e+00
3.134944018856806180e-01 1.063296773854423893e+00
3.070123747790218238e-01 1.053382280994864084e+00
3.526812021213907022e-01 1.053781214882345774e+00
3.517972893341190233e-01 1.053849946050082975e+00
3.447259870359458134e-01 1.053193260641658968e+00
3.397171479080730583e-01 1.052735777462229905e+00
3.497348261638185130e-01 1.050407307989457140e+00
3.503241013553329286e-01 1.052656412124633789e+00
3.479670005892752105e-01 1.052166155155967342e+00
3.432527990571597187e-01 1.054684172658359342e+00
3.441367118444313422e-01 1.052516702343435862e+00
3.367707719505008690e-01 1.054007628384758366e+00
3.432527990571597187e-01 1.057508328381706608e+00
3.429581614614024554e-01 1.058335826677434532e+00
3.417796110783736241e-01 1.065668954568750770e+00
3.426635238656452476e-01 1.062700422371134934e+00
3.435474366529169266e-01 1.059370002325843441e+00
3.441367118444313422e-01 1.054654636803795231e+00
3.411903358868591529e-01 1.080507471280939491e+00
3.417796110783736241e-01 1.078824982923619835e+00
3.435474366529169266e-01 1.065194059820736117e+00
3.426635238656452476e-01 1.069055709768744089e+00
3.432527990571597187e-01 1.074554715086432077e+00
3.426635238656452476e-01 1.085342326584984196e+00
3.429581614614024554e-01 1.083825300721561247e+00
3.426635238656452476e-01 1.081318255733041189e+00
3.426635238656452476e-01 1.095375160960590177e+00
3.432527990571597187e-01 1.095556509845396986e+00
3.426635238656452476e-01 1.101237558266695782e+00
3.423688862698880397e-01 1.102425259702345839e+00
3.464938126104891158e-01 1.104187523617463862e+00
3.479670005892752105e-01 1.136699066442601769e+00
3.494401885680613051e-01 1.110322787481195839e+00
3.535651149086623257e-01 1.100041389465332031e+00
3.470830878020035315e-01 1.113890065866358192e+00
3.677077195050088565e-01 1.128706325502956576e+00
3.547436652916912125e-01 1.118692931006936453e+00
3.750736593989393297e-01 1.137264563756830604e+00
3.700648202710665746e-01 1.125587452860439486e+00
3.874484384207425025e-01 1.123351431944791035e+00
3.951090159104301835e-01 1.123015053132001118e+00
3.909840895698291074e-01 1.126343560569426527e+00
3.901001767825574285e-01 1.144194250597673213e+00
4.295816146140247760e-01 1.122395603095784011e+00
4.375368296994696649e-01 1.085501465727301218e+00
4.316440777843252863e-01 1.093546860358294293e+00
4.357690041249263624e-01 1.110061277361477083e+00
4.366529169121979859e-01 1.099924678311628545e+00
4.449027695934001381e-01 1.113438588731429091e+00
4.678845020624631812e-01 1.096626469317604435e+00
4.776075427224513725e-01 1.088803783935659020e+00
4.776075427224513725e-01 1.097099148175295635e+00
5.041249263406010206e-01 1.057091307990691176e+00
4.737772539776075598e-01 1.094321228125516132e+00
5.235710076605775143e-01 1.057630528421962923e+00
5.521508544490276726e-01 1.002787505879121577e+00
5.291691219799646850e-01 1.068957675905788607e+00
5.212139068945197407e-01 1.020904067684622385e+00
6.087212728344136847e-01 9.623323328354779216e-01
5.232763700648203065e-01 1.073350136770921504e+00
6.063641720683559111e-01 9.623933785101946858e-01
6.007660577489687403e-01 1.008898167049183670e+00
5.960518562168533041e-01 9.799007650683907444e-01
6.090159104301708926e-01 9.781412973123437826e-01
5.745433117265763556e-01 1.033119973014382742e+00
6.343547436652916538e-01 8.802577940856709526e-01
6.072480848556275346e-01 9.556344116435331326e-01
6.305244549204478410e-01 9.039776798556832249e-01
6.152032999410724790e-01 9.071405302075778998e-01
6.096051856216853082e-01 9.417609589941361437e-01
5.878020035356511519e-01 1.009422077852137001e+00
6.322922804949911990e-01 8.996644528473124458e-01
6.299351797289334254e-01 8.810341849046594564e-01
6.470241602828521454e-01 8.426126522176405897e-01
6.464348850913376188e-01 8.115039572996252115e-01
6.747200942840306803e-01 7.479573295396917398e-01
6.535061873895109397e-01 8.053047218743492053e-01
6.505598114319387504e-01 7.865666712031644803e-01
6.496758986446670159e-01 8.059694468975067139e-01
6.467295226870948266e-01 8.003169543602887126e-01
6.520329994107247895e-01 8.193525251220253880e-01
6.664702416028285281e-01 8.117889902170967176e-01
6.897466116676488346e-01 7.633176971884334527e-01
6.968179139658220445e-01 6.668311322436613064e-01
6.882734236888626844e-01 7.454895149259006537e-01
6.850324101355332873e-01 7.354310102322522136e-01
6.997642899233942337e-01 6.960077180581933920e-01
6.452563347083087875e-01 7.814896878074196751e-01
7.121390689451974065e-01 6.652360505917492839e-01
6.735415439010017380e-01 6.945733778616961507e-01
6.891573364761343079e-01 7.863167401622322972e-01
6.974071891573364601e-01 6.670690459363600722e-01
7.224513847967000135e-01 7.120072070290061061e-01
7.142015321154979723e-01 6.985698149484746988e-01
7.495580436063641327e-01 6.631261040182674371e-01
7.242192103712433715e-01 8.037581250948064859e-01
7.516205067766646986e-01 7.241068272029652642e-01
7.507365939893930751e-01 6.622854997130001031e-01
7.021213906894520074e-01 6.501428274547352837e-01
7.589864466705951163e-01 6.505890856770908393e-01
7.639952857984678714e-01 6.429642210988437689e-01
7.480848556275780936e-01 6.861896777854246121e-01
7.416028285209192994e-01 7.117381919832790338e-01
6.732469063052445302e-01 6.798366711420171793e-01
7.681202121390688919e-01 6.154292646576376979e-01
7.507365939893930751e-01 6.063561763833550389e-01
7.424867413081909229e-01 8.576868229052599935e-01
7.504419563936358673e-01 6.168539602966869317e-01
7.386564525633471101e-01 7.963941728367525119e-01
7.766647024160282520e-01 5.862097512273227728e-01
7.489687684148497171e-01 6.352032133761573718e-01
7.760754272245138363e-01 5.939189020325156276e-01
7.837360047142015729e-01 5.570367881480384753e-01
7.548615203299940957e-01 6.594573662561529215e-01
7.687094873305834186e-01 5.889432237428777750e-01
7.964054213317619535e-01 5.714405757539412489e-01
6.588096641131407916e-01 7.716258431182188016e-01
7.793164407778432334e-01 5.764162698212791369e-01
7.961107837360047457e-01 5.702254439101499539e-01
7.628167354154390400e-01 6.187687717816409139e-01
7.581025338833234928e-01 6.171033373650383069e-01
7.489687684148497171e-01 7.177458011052187947e-01
7.239245727754861637e-01 8.625754521173589762e-01
7.321744254566883159e-01 8.195679871474995659e-01
7.604596346493812664e-01 6.324410403476041775e-01
7.746022392457277972e-01 6.482339150765362712e-01
7.751915144372422128e-01 6.668161890086006238e-01
8.117265763111373156e-01 5.501308809308445014e-01
7.704773129051266656e-01 6.568980295868480646e-01
8.070123747790217683e-01 5.480804083978428887e-01
7.754861520329994207e-01 6.824476745198754246e-01
7.748968768414850050e-01 5.483959746711394301e-01
7.843252799057159885e-01 5.791302726549261148e-01
7.150854449027695958e-01 6.237160975442213040e-01
8.020035356511491242e-01 5.422150580322041558e-01
7.890394814378314248e-01 6.025021865087396566e-01
6.767825574543311351e-01 7.116279654643115071e-01
7.489687684148497171e-01 6.319109928958556166e-01
7.967000589275191613e-01 5.730493077460456774e-01
7.545668827342368878e-01 7.220974722329307482e-01
7.828520919269298384e-01 6.029102022156995755e-01
7.996464348850913506e-01 5.662285334923687907e-01
7.863877430760165543e-01 6.792458050391253499e-01
7.601649970536240586e-01 8.377390468821805936e-01
8.120212139068945234e-01 5.575426869532641438e-01
7.837360047142015729e-01 5.791950953357359877e-01
7.377725397760753756e-01 8.009126729824963542e-01
7.418974661166765072e-01 7.897423444425358818e-01
7.183264584560989929e-01 7.629859482540803928e-01
7.224513847967000135e-01 6.549396523657966540e-01
8.158515026517383362e-01 5.612223288592170789e-01
6.143193871538008555e-01 1.241038197980207647e+00
7.516205067766646986e-01 7.647038645604077312e-01
7.866823806717737622e-01 6.129395032630247098e-01
7.905126694166175749e-01 6.363866627216339111e-01
7.457277548615203200e-01 7.702107078888836833e-01
7.542722451384796800e-01 8.523888903505661974e-01
7.822628167354154227e-01 6.397951411850312242e-01
8.076016499705362950e-01 6.620745755293789836e-01
7.899233942251031593e-01 7.274239904740277263e-01
4.932233352975839979e-01 1.370995567125432579e+00
8.211549793753682991e-01 5.113505133811164782e-01
7.336476134354743550e-01 9.099964815027573595e-01
7.280494991160871843e-01 6.788599456057828885e-01
8.229228049499116571e-01 4.919719433083253879e-01
8.190925162050677333e-01 5.384020498570274427e-01
8.087802003535651263e-01 5.808716784505283393e-01
7.654684737772540215e-01 6.831376745420343344e-01
7.875662934590453856e-01 7.293670054744271214e-01
8.214496169711255069e-01 5.286471528165480604e-01
7.701826753093694578e-01 6.994060681146734293e-01
7.796110783736004413e-01 7.155768213903203057e-01
7.913965822038891984e-01 6.396771423956927327e-01
8.196817913965821489e-01 5.274939826306175306e-01
8.120212139068945234e-01 5.583646534120335625e-01
7.822628167354154227e-01 8.408531055730932291e-01
7.961107837360047457e-01 6.454599412048563911e-01
7.869770182675309700e-01 7.136054407147800482e-01
7.834413671184443650e-01 7.872726514058954184e-01
7.451384796700059043e-01 8.040607869625091553e-01
7.978786093105479926e-01 6.616914061939015435e-01
8.073070123747789761e-01 6.574697178952834120e-01
8.129051266941661469e-01 6.485445201396942139e-01
8.093694755450795419e-01 6.800116151571273804e-01
7.380671773718326945e-01 7.138429845080656033e-01
