3.892162639952858050e-01 1.096360918353585623e+00
3.936358279316440889e-01 1.089129556627834505e+00
3.977607542722451650e-01 1.075053555123946181e+00
4.242781378903948131e-01 1.068825265940497982e+00
4.393046552740129673e-01 1.063793652197893902e+00
4.510901591043017245e-01 1.056813110323513216e+00
5.630524454920448063e-01 1.049427081556881136e+00
5.000000000000000000e-01 1.037752873757306293e+00
5.686505598114319771e-01 1.029053106027491005e+00
5.000000000000000000e-01 1.027439015753129015e+00
5.633470830878020141e-01 1.021880137569764146e+00
5.745433117265763556e-01 1.008698210996739952e+00
5.901591043017089255e-01 1.000664309543721764e+00
5.969357690041249276e-01 9.863450649906607692e-01
6.010606953447259482e-01 9.843345003969529161e-01
6.137301119622864398e-01 9.749146103858947754e-01
6.160872127283441024e-01 9.619858755784875814e-01
6.470241602828521454e-01 9.495687186717987061e-01
6.423099587507365982e-01 9.451865623979007758e-01
7.032999410724808387e-01 9.416303617112776747e-01
6.926929876252210239e-01 9.333633201963761339e-01
7.195050088391278242e-01 9.119486668530631945e-01
6.873895109015910609e-01 9.147629211930667914e-01
7.215674720094283900e-01 9.094713295207303982e-01
7.127283441367118222e-01 8.938904229332419460e-01
7.068355922215674436e-01 8.841775024638456326e-01
7.215674720094283900e-01 8.769641834146836290e-01
7.362993517972893365e-01 8.609762121649349176e-01
7.327637006482027315e-01 8.662421668277067166e-01
7.133176193282262378e-01 8.629182279109954834e-01
7.345315262227459785e-01 8.476450145244598389e-01
7.421921037124337150e-01 8.341215638553395317e-01
7.483794932233353014e-01 8.326936732320224799e-01
7.525044195639363220e-01 8.220784681684830675e-01
7.578078962875662850e-01 8.105871309252346002e-01
7.622274602239246244e-01 8.133313796099495008e-01
7.607542722451384742e-01 7.913473774405086480e-01
7.857984678845020277e-01 7.932693940751692763e-01
7.748968768414850050e-01 7.958876402939066841e-01
7.707719505008838734e-01 7.899841666221618652e-01
7.875662934590453856e-01 7.878200587104348118e-01
7.743076016499705894e-01 7.757720000603619548e-01
7.837360047142015729e-01 7.601658000665552084e-01
7.922804949911608219e-01 7.549558439675498889e-01
7.778432527990571943e-01 7.651958448045393935e-01
7.837360047142015729e-01 7.465507475768818901e-01
7.911019446081319906e-01 7.469449551666483833e-01
8.164407778432527518e-01 7.242796719074249268e-01
8.167354154390100707e-01 7.189026404829585992e-01
8.008249852681201819e-01 7.234693117001477214e-01
8.164407778432527518e-01 7.202653446618247912e-01
8.137890394814378814e-01 6.963314361432019206e-01
8.323512080141426406e-01 6.863379022654365613e-01
8.223335297583971304e-01 6.871890969136181804e-01
8.450206246317030212e-01 6.646618527524611464e-01
8.243959929286976962e-01 6.746478554080513890e-01
8.503241013553329841e-01 6.845731752760270128e-01
8.350029463759576220e-01 6.531917698243084880e-01
8.196817913965821489e-01 6.881339181871974908e-01
8.273423688862698855e-01 6.890800700468175943e-01
8.464938126104890603e-01 6.176875847227433214e-01
8.423688862698880397e-01 6.492945657056921061e-01
8.294048320565704513e-01 6.559239608400008192e-01
8.432527990571596632e-01 6.337264460675856581e-01
8.164407778432527518e-01 6.176932270036024075e-01
8.441367118444313977e-01 6.091172186767354058e-01
8.476723629935180027e-01 6.368202847592970839e-01
8.305833824395992826e-01 6.326127245145685141e-01
8.488509133765468340e-01 6.070361347759470894e-01
8.644667059516794039e-01 5.969668819623834555e-01
8.512080141426046076e-01 5.870488040587481526e-01
8.411903358868592084e-01 5.884281537112068250e-01
8.450206246317030212e-01 5.857727299718296088e-01
8.105480259281083733e-01 5.920715594992917996e-01
8.143783146729522970e-01 5.861052677911871012e-01
7.978786093105479926e-01 5.964563874637379692e-01
8.497348261638184574e-01 5.412353794364368476e-01
8.588685916322922331e-01 5.544200960327597683e-01
8.535651149086623812e-01 5.396505541661206218e-01
8.544490276959340047e-01 5.556096522247090386e-01
8.344136711844430954e-01 5.540635357884799994e-01
8.594578668238067598e-01 5.450653048122630073e-01
8.621096051856216302e-01 5.349940464777105387e-01
8.034767236299351634e-01 5.307603364481645603e-01
8.314672952268709061e-01 5.499989355311674100e-01
8.302887448438420748e-01 5.452184536877799914e-01
8.311726576311136983e-01 5.372338137205909803e-01
8.211549793753682991e-01 5.440479701056200046e-01
8.547436652916912125e-01 5.115374011151930800e-01
8.517972893341190233e-01 5.245483254685121555e-01
8.892162639952857495e-01 5.062579407411462729e-01
8.862698880377135602e-01 5.166549814098021498e-01
8.243959929286976962e-01 5.210315050447688057e-01
8.839127872716558976e-01 4.925894772305208225e-01
8.901001767825574840e-01 4.926392988247029758e-01
9.036535061873894881e-01 4.982977684806375041e-01
9.018856806128462411e-01 4.859993711990468479e-01
7.451384796700059043e-01 6.185072870815501167e-01
8.134944018856805625e-01 5.168795340201434163e-01
9.051266941661756382e-01 4.915760203319437527e-01
8.827342368886269552e-01 4.732886132072000041e-01
8.426635238656452476e-01 5.019121660905725424e-01
8.833235120801413709e-01 4.704832758973626627e-01
8.903948143783146918e-01 4.519670640721040744e-01
8.989393046552740518e-01 4.622210123959709649e-01
8.986446670595168440e-01 4.591446808155845161e-01
8.986446670595168440e-01 4.562875461928984633e-01
8.921626399528579388e-01 4.712749132338692193e-01
8.901001767825574840e-01 4.476209817563785998e-01
8.111373011196228999e-01 4.991887203034232612e-01
8.603417796110783833e-01 4.582309205742443048e-01
9.063052445492044695e-01 4.463448945213766561e-01
9.089569829110194510e-01 4.256309402339598646e-01
8.264584560989982620e-01 4.904179993797750936e-01
8.423688862698880397e-01 4.703235433382146335e-01
9.007071302298172988e-01 4.157074137645609402e-01
8.777253977607543112e-01 4.395788460969924927e-01
8.529758397171478546e-01 4.509793327135198093e-01
9.027695934001178646e-01 4.135905144845737902e-01
7.928697701826753486e-01 5.006922702578937567e-01
9.063052445492044695e-01 4.029060137622496596e-01
7.557454331172657191e-01 5.689736709875219400e-01
9.015910430170890333e-01 4.144310039632460585e-01
8.137890394814378814e-01 4.877306713777430081e-01
8.927519151443724654e-01 4.087704823297612644e-01
9.172068355922216032e-01 4.041965112966649509e-01
9.116087212728344324e-01 3.996250094736323866e-01
9.021803182086034489e-01 4.001076046158285604e-01
9.183853859752504345e-01 3.916314533528159614e-01
8.892162639952857495e-01 4.027265327818253526e-01
8.385385975250442270e-01 4.471627894569845663e-01
8.261638185032410542e-01 4.624410832629484158e-01
8.777253977607543112e-01 3.986158432329402479e-01
8.780200353565115190e-01 3.970245499821269952e-01
7.439599292869770730e-01 5.940653164597118341e-01
9.063052445492044695e-01 3.840283769018509874e-01
8.553329404832056282e-01 4.396765109370736613e-01
9.142604596346494139e-01 3.690853890250710978e-01
9.071891573364760930e-01 3.739531513522653117e-01
8.915733647613435231e-01 3.901806096820270575e-01
8.789039481437831425e-01 3.974133484503802327e-01
8.264584560989982620e-01 4.528398093055276408e-01
8.809664113140837083e-01 4.007898963549557658e-01
8.962875662934590704e-01 3.794068054241292454e-01
8.632881555686505726e-01 4.084264907766790853e-01
8.535651149086623812e-01 4.117657796424977756e-01
7.327637006482027315e-01 5.968905143878039388e-01
9.083677077195050353e-01 3.704590271500980414e-01
8.609310548025927989e-01 4.106770964229808363e-01
8.948143783146729202e-01 3.744122903136646308e-01
8.791985857395403503e-01 3.693441319115021715e-01
9.098408956982910745e-01 3.565980888464871379e-01
7.586918090748379084e-01 5.835107757764703695e-01
7.972893341190335770e-01 4.888489202541463352e-01
8.370654095462580768e-01 4.314687515006345730e-01
8.344136711844430954e-01 4.230636936776778212e-01
8.880377136122569182e-01 3.636723756790161133e-01
9.001178550383028831e-01 3.516107639845679755e-01
7.978786093105479926e-01 4.785228301497066461e-01
9.010017678255745066e-01 3.645130075952586202e-01
7.840306423099587807e-01 4.844533459228627659e-01
8.965822038892162782e-01 3.631280704456217312e-01
7.144961697112551802e-01 6.722129074966206597e-01
8.733058338243959717e-01 3.631476181394913683e-01
9.036535061873894881e-01 3.483862622695810818e-01
8.765468473777253688e-01 3.658032136804917345e-01
9.095462581025338666e-01 3.400289241005392538e-01
7.631113730111962479e-01 5.073547599946751641e-01
8.774307601649971033e-01 3.842656980542575873e-01
8.909840895698291074e-01 3.751427820500205512e-01
8.096641131408367498e-01 4.467523448607501058e-01
9.139658220388922061e-01 3.479406281429178738e-01
9.045374189746611115e-01 3.429286506246118083e-01
8.777253977607543112e-01 3.713888955466887465e-01
8.989393046552740518e-01 3.611905636156306776e-01
8.680023571007660088e-01 3.893745269845513834e-01
8.179139658220389020e-01 4.537769030122196234e-01
9.027695934001178646e-01 3.674363976015764255e-01
8.488509133765468340e-01 3.995611203067442885e-01
8.954036535061873359e-01 3.566686594310928826e-01
8.853859752504419367e-01 3.493496074396021389e-01
8.650559811431938195e-01 4.014134371981901150e-01
8.741897466116675952e-01 3.581911435022073764e-01
8.659398939304655540e-01 3.789036414202521796e-01
8.956982911019446547e-01 3.433916805421604601e-01
8.880377136122569182e-01 3.408236486070296278e-01
8.842074248674131054e-01 3.597685567596379252e-01
9.071891573364760930e-01 3.227301038363400432e-01
8.898055391868002761e-01 3.410542957922991780e-01
7.304065998821449579e-01 6.290229944621815728e-01
8.515026517383618154e-01 4.085170521455652737e-01
8.571007660577489862e-01 3.875660002231597900e-01
9.230995875073659818e-01 3.109960762016913405e-01
9.007071302298172988e-01 3.438776231863919230e-01
8.750736593989393297e-01 3.639216309084611911e-01
7.327637006482027315e-01 6.750287834335776394e-01
6.261048909840896126e-01 1.093049254487542532e+00
8.512080141426046076e-01 3.893487348276026272e-01
9.007071302298172988e-01 3.455062166732900120e-01
8.954036535061873359e-01 3.348568730494555501e-01
