2.799057159693577046e-01 1.118617383872761550e+00
2.860931054802592910e-01 1.111423702800975022e+00
2.698880377136122499e-01 1.105307547485127273e+00
2.613435474366528899e-01 1.101398969397825445e+00
2.321744254566882604e-01 1.094172172686632916e+00
2.563347083087801903e-01 1.089739711845622239e+00
3.005303476723629741e-01 1.080969189896302973e+00
3.523865645256334944e-01 1.074430665549110042e+00
3.423688862698880397e-01 1.071305765825159462e+00
3.347083087802003587e-01 1.068719530806822027e+00
3.332351208014142641e-01 1.058017874465269292e+00
3.299941072480848669e-01 1.056130230426788330e+00
3.299941072480848669e-01 1.049024753710802838e+00
3.299941072480848669e-01 1.051270688281339849e+00
3.299941072480848669e-01 1.040555137045243272e+00
3.299941072480848669e-01 1.047675886574913395e+00
3.299941072480848669e-01 1.042949396021225938e+00
3.299941072480848669e-01 1.040261508787379441e+00
3.299941072480848669e-01 1.049627242719425979e+00
3.299941072480848669e-01 1.046431874527650630e+00
3.299941072480848669e-01 1.050311195499756822e+00
3.299941072480848669e-01 1.059762831996468924e+00
3.299941072480848669e-01 1.061101741650525287e+00
3.299941072480848669e-01 1.059725400279549978e+00
3.299941072480848669e-01 1.075359744184157362e+00
3.299941072480848669e-01 1.067745045704000084e+00
3.299941072480848669e-01 1.093638034427867112e+00
3.299941072480848669e-01 1.097896474249222765e+00
3.299941072480848669e-01 1.088704447535907560e+00
3.299941072480848669e-01 1.134254031321581646e+00
3.299941072480848669e-01 1.153227343278772743e+00
3.299941072480848669e-01 1.170547019032871061e+00
3.299941072480848669e-01 1.171584195950452045e+00
3.299941072480848669e-01 1.200707113041597163e+00
3.299941072480848669e-01 1.204388692098505409e+00
3.299941072480848669e-01 1.249336961437674143e+00
3.299941072480848669e-01 1.286586610709919754e+00
3.299941072480848669e-01 1.269304573535919189e+00
3.299941072480848669e-01 1.312675844220554167e+00
3.299941072480848669e-01 1.325622204472036936e+00
3.299941072480848669e-01 1.328501634738024517e+00
3.299941072480848669e-01 1.381303103531108079e+00
3.299941072480848669e-01 1.410461615113651090e+00
3.299941072480848669e-01 1.483760062386007883e+00
3.299941072480848669e-01 1.504820206586052311e+00
3.299941072480848669e-01 1.490152197725632677e+00
3.299941072480848669e-01 1.562173597952898785e+00
3.299941072480848669e-01 1.528556627385756483e+00
3.299941072480848669e-01 1.563268486191244699e+00
3.299941072480848669e-01 1.563551432946149067e+00
3.299941072480848669e-01 1.665088415145874023e+00
3.299941072480848669e-01 1.687792381819556820e+00
3.299941072480848669e-01 1.722599587019752132e+00
3.299941072480848669e-01 1.829304961597218337e+00
3.299941072480848669e-01 1.756222307682037354e+00
3.299941072480848669e-01 1.945630438187543110e+00
3.299941072480848669e-01 2.042981217889224599e+00
3.299941072480848669e-01 1.963762683026930800e+00
3.299941072480848669e-01 2.032519557896782292e+00
3.299941072480848669e-01 2.056888215682085796e+00
3.299941072480848669e-01 2.011367044028113948e+00
3.299941072480848669e-01 2.262599815340603282e+00
3.299941072480848669e-01 2.304438408683328277e+00
3.299941072480848669e-01 2.373486746759975841e+00
3.299941072480848669e-01 2.371654331684112549e+00
3.299941072480848669e-01 2.288922972538891987e+00
3.299941072480848669e-01 2.616498771835775727e+00
3.299941072480848669e-01 2.437013955677256760e+00
3.299941072480848669e-01 2.505868024685803608e+00
3.299941072480848669e-01 2.884467833182390972e+00
3.299941072480848669e-01 2.451022442649392730e+00
3.299941072480848669e-01 2.513747039963217134e+00
3.299941072480848669e-01 2.731340913211598220e+00
3.299941072480848669e-01 2.771016780067892427e+00
3.299941072480848669e-01 2.896399329690372060e+00
3.299941072480848669e-01 2.738816597882439030e+00
3.299941072480848669e-01 2.761298523229711144e+00
3.299941072480848669e-01 3.095830531681285080e+00
3.299941072480848669e-01 2.815450682359583290e+00
3.299941072480848669e-01 2.859007295440225249e+00
3.299941072480848669e-01 2.822992226656745540e+00
3.299941072480848669e-01 3.019888064440559017e+00
3.299941072480848669e-01 3.382184295093312087e+00
3.299941072480848669e-01 3.129998031784506196e+00
3.299941072480848669e-01 3.308804519036236957e+00
3.299941072480848669e-01 3.170836441657122418e+00
3.299941072480848669e-01 3.444820586372824067e+00
3.299941072480848669e-01 2.931489292313070649e+00
3.299941072480848669e-01 3.567346488728242893e+00
3.299941072480848669e-01 3.355099439620971680e+00
3.299941072480848669e-01 3.117813776521121572e+00
3.299941072480848669e-01 3.660199761390686035e+00
3.299941072480848669e-01 3.224475622177124023e+00
3.299941072480848669e-01 3.563525298062492741e+00
3.299941072480848669e-01 3.333654866499059288e+00
3.299941072480848669e-01 3.271899686140172570e+00
3.299941072480848669e-01 3.377080216127283485e+00
3.299941072480848669e-01 4.271647684714373838e+00
3.299941072480848669e-01 3.583439995260799815e+00
3.299941072480848669e-01 3.358367064419914616e+00
3.299941072480848669e-01 4.083937069948981424e+00
3.299941072480848669e-01 3.925583362579345703e+00
3.299941072480848669e-01 3.436229818007525250e+00
3.299941072480848669e-01 3.825539070017197396e+00
3.299941072480848669e-01 3.779891638194813552e+00
3.299941072480848669e-01 3.301118373870849609e+00
3.299941072480848669e-01 3.517638017149532725e+00
3.299941072480848669e-01 4.341180240406709245e+00
3.299941072480848669e-01 3.903365065069759776e+00
3.299941072480848669e-01 4.307256333968219053e+00
3.299941072480848669e-01 3.673848558874691417e+00
3.299941072480848669e-01 3.704818978029138954e+00
3.299941072480848669e-01 3.319355564958908822e+00
3.299941072480848669e-01 4.105367471190059625e+00
3.299941072480848669e-01 4.118735096033881327e+00
3.299941072480848669e-01 3.922504347913405631e+00
3.299941072480848669e-01 4.046848647734698545e+00
3.299941072480848669e-01 3.897960683878730404e+00
3.299941072480848669e-01 3.728495857294868099e+00
3.299941072480848669e-01 3.438347206396215050e+00
3.299941072480848669e-01 3.730779206051546115e+00
3.299941072480848669e-01 4.319976890788359114e+00
3.299941072480848669e-01 3.990892066675074012e+00
3.299941072480848669e-01 4.166473381659564268e+00
3.299941072480848669e-01 3.877367230022654709e+00
3.299941072480848669e-01 3.856151861302993034e+00
3.299941072480848669e-01 3.955310155363644053e+00
3.335297583971714719e-01 2.534355114488040517e+00
3.299941072480848669e-01 3.671794856295865994e+00
3.299941072480848669e-01 4.602957108441521505e+00
3.299941072480848669e-01 4.255795156254487566e+00
3.299941072480848669e-01 3.782856625669142936e+00
3.299941072480848669e-01 3.580110346569734592e+00
3.299941072480848669e-01 3.709700570386998741e+00
3.299941072480848669e-01 4.177502737325780480e+00
3.299941072480848669e-01 4.075510277467615516e+00
3.299941072480848669e-01 3.718618042328778461e+00
3.299941072480848669e-01 3.787616898031795909e+00
3.299941072480848669e-01 4.008811971720526834e+00
3.299941072480848669e-01 4.498660816865808876e+00
3.299941072480848669e-01 3.540805655367234017e+00
3.299941072480848669e-01 3.866380270789651519e+00
3.299941072480848669e-01 3.771644963937647255e+00
3.394225103123158505e-01 3.111851004993214431e+00
3.299941072480848669e-01 4.410936748280244402e+00
3.299941072480848669e-01 3.455854703398312022e+00
3.299941072480848669e-01 3.977232926032122418e+00
3.299941072480848669e-01 4.199089190539191385e+00
3.299941072480848669e-01 3.562532452976002517e+00
3.299941072480848669e-01 4.065169187153086838e+00
3.299941072480848669e-01 3.954076984349419011e+00
3.299941072480848669e-01 4.077932385837330642e+00
3.299941072480848669e-01 3.951427053002749989e+00
3.447259870359458134e-01 3.146654213176053982e+00
3.299941072480848669e-01 4.207427810220157660e+00
3.299941072480848669e-01 3.862159076858969087e+00
3.367707719505008690e-01 3.285183394656461697e+00
3.391278727165586426e-01 3.213677946258993501e+00
3.358868591632292455e-01 3.450606360154993446e+00
3.367707719505008690e-01 3.250589868601630794e+00
3.299941072480848669e-01 3.857716230785145584e+00
3.397171479080730583e-01 3.160276609308579232e+00
3.311726576311137538e-01 3.610451544032377225e+00
3.341190335886859430e-01 3.529033015756045888e+00
3.299941072480848669e-01 4.022621245945201096e+00
3.299941072480848669e-01 3.834913029390222938e+00
3.379493223335297558e-01 3.426397807457867817e+00
3.382439599292869636e-01 3.320089803022496788e+00
3.358868591632292455e-01 3.508102992001701725e+00
3.408956982911019451e-01 3.227812731967252713e+00
3.364761343547436612e-01 3.625372486955979134e+00
3.370654095462580768e-01 3.445790957002078603e+00
3.338243959929286797e-01 3.875821106574114605e+00
3.355922215674719822e-01 3.529488184872795475e+00
3.299941072480848669e-01 4.012187726357403506e+00
3.299941072480848669e-01 4.211974242154290060e+00
3.456098998232174369e-01 3.167971512850593196e+00
3.423688862698880397e-01 3.358109951019287109e+00
3.382439599292869636e-01 3.598008275032043457e+00
3.476723629935179471e-01 3.148065686225891113e+00
3.376546847377725480e-01 3.699467918452094661e+00
3.270477312905126777e-01 2.368185677949119938e+00
3.488509133765468340e-01 3.177390638519735688e+00
3.350029463759575665e-01 3.916499446420108388e+00
3.403064230995875294e-01 3.309745227589326877e+00
3.370654095462580768e-01 3.684825574650484104e+00
3.512080141426046076e-01 3.079810352886424241e+00
3.438420742486741344e-01 3.368179931360132606e+00
3.382439599292869636e-01 3.642415818046121245e+00
3.397171479080730583e-01 3.563582048696630089e+00
3.420742486741308319e-01 3.361534392132478732e+00
3.435474366529169266e-01 3.324627567740047862e+00
3.420742486741308319e-01 3.414617166799657433e+00
3.429581614614024554e-01 3.375659788356107693e+00
3.529758397171479101e-01 2.922451096422531869e+00
3.299941072480848669e-01 3.982454720665426606e+00
3.506187389510901364e-01 3.272899347193100716e+00
3.517972893341190233e-01 3.040693717844345834e+00
3.529758397171479101e-01 2.940523519235498817e+00
3.299941072480848669e-01 6.987578953013700911e+00
