4.717147908073069940e-01 1.077012959648581125e+00
5.132586918090747963e-01 1.067058871774112516e+00
4.973482616381850185e-01 1.064283286823945796e+00
4.687684148497348047e-01 1.066115344271940435e+00
5.082498526812021522e-01 1.058494602932649409e+00
4.767236299351797491e-01 1.057317639098448003e+00
4.027695934001178646e-01 1.059001161771662147e+00
4.481437831467295352e-01 1.055057644844055176e+00
4.151443724219210374e-01 1.052266720463247873e+00
4.230995875073659263e-01 1.055975419633528700e+00
4.177961107837360188e-01 1.050961185904110140e+00
4.484384207424867430e-01 1.052847648368162359e+00
4.230995875073659263e-01 1.057587237919078049e+00
4.007071302298172988e-01 1.057214491507586285e+00
4.272245138479670024e-01 1.053826588041642198e+00
3.677077195050088565e-01 1.061655616059022700e+00
3.877430760164997103e-01 1.059436952366548335e+00
4.133765468473777349e-01 1.052478299421422570e+00
3.765468473777254244e-01 1.060449400368858708e+00
3.915733647613435231e-01 1.056358526734744840e+00
3.830288744843842186e-01 1.057868757668663395e+00
3.791985857395403503e-01 1.057102319072274588e+00
3.641720683559221960e-01 1.062286440063925363e+00
3.833235120801414264e-01 1.060118889107423579e+00
3.839127872716558421e-01 1.061279328430400071e+00
3.556275780789628915e-01 1.074380548561320481e+00
3.892162639952858050e-01 1.058187873924479661e+00
3.921626399528579943e-01 1.055832443868412795e+00
3.786093105480259347e-01 1.067867475397446642e+00
3.759575721862109532e-01 1.067140018238740717e+00
3.803771361225692371e-01 1.066973970216863243e+00
3.971714790807306938e-01 1.055252490674748245e+00
4.048320565704183749e-01 1.059535534942851243e+00
4.054213317619328460e-01 1.047207914731081768e+00
4.063052445492044695e-01 1.057413681465036781e+00
4.068945197407189407e-01 1.046452376772375681e+00
4.063052445492044695e-01 1.065223725403056321e+00
4.060106069534472617e-01 1.061235562843434899e+00
4.057159693576900539e-01 1.067373449311536993e+00
4.065998821449616774e-01 1.057307585197336586e+00
4.068945197407189407e-01 1.057352264137829012e+00
4.060106069534472617e-01 1.068394213914871216e+00
4.057159693576900539e-01 1.085552154218449417e+00
4.068945197407189407e-01 1.067972844137864863e+00
4.048320565704183749e-01 1.086685208713307205e+00
4.065998821449616774e-01 1.081321746110916138e+00
4.074837949322333563e-01 1.087806741980945402e+00
4.080730701237477720e-01 1.078835624105790147e+00
4.068945197407189407e-01 1.088343886768116775e+00
4.086623453152622432e-01 1.084826022386550903e+00
4.098408956982910745e-01 1.067808512379141428e+00
4.089569829110194510e-01 1.097600782618803228e+00
4.086623453152622432e-01 1.099420771879308312e+00
4.071891573364761485e-01 1.110347086892408575e+00
4.065998821449616774e-01 1.144815872697269254e+00
4.080730701237477720e-01 1.128125660559710308e+00
4.060106069534472617e-01 1.168646395206451416e+00
4.074837949322333563e-01 1.156095736167010113e+00
4.113140836770771691e-01 1.134519030066097445e+00
4.074837949322333563e-01 1.170776265508988390e+00
4.077784325279905642e-01 1.199988628135008062e+00
4.074837949322333563e-01 1.183668266324436003e+00
4.077784325279905642e-01 1.211873121121350483e+00
4.063052445492044695e-01 1.253801433479084793e+00
4.092516205067766588e-01 1.204980541678035921e+00
4.098408956982910745e-01 1.220003303359536551e+00
4.098408956982910745e-01 1.224170506000518799e+00
4.098408956982910745e-01 1.255309034796322054e+00
4.086623453152622432e-01 1.269778735497418598e+00
4.104301708898055456e-01 1.260804923141703782e+00
4.104301708898055456e-01 1.259551914299235520e+00
4.119033588685916403e-01 1.245677383506999192e+00
4.098408956982910745e-01 1.287997670033398823e+00
4.098408956982910745e-01 1.291375479277442562e+00
4.101355332940483378e-01 1.310138776021845253e+00
4.136711844431349427e-01 1.244557818945716487e+00
4.124926340601060559e-01 1.296247950371574031e+00
4.116087212728344324e-01 1.293592817643109516e+00
4.121979964643488481e-01 1.303464991204878798e+00
4.095462581025338666e-01 1.419166621039895437e+00
4.092516205067766588e-01 1.381067707258112343e+00
4.110194460813199613e-01 1.391807391363031776e+00
4.119033588685916403e-01 1.334803230622235493e+00
4.083677077195050353e-01 1.442965675802791781e+00
4.116087212728344324e-01 1.317392647266387939e+00
4.113140836770771691e-01 1.352236821370966346e+00
4.119033588685916403e-01 1.376785793725181950e+00
4.116087212728344324e-01 1.434852049631230919e+00
4.124926340601060559e-01 1.374382267980014616e+00
4.101355332940483378e-01 1.438907153466168598e+00
4.119033588685916403e-01 1.347375722492442307e+00
4.113140836770771691e-01 1.471148266511804970e+00
4.151443724219210374e-01 1.354746289112988666e+00
4.148497348261638296e-01 1.400046418694888883e+00
4.225103123158515106e-01 1.312729067662183002e+00
4.225103123158515106e-01 1.321791434989256109e+00
4.154390100176782452e-01 1.418339673210592844e+00
4.375368296994696649e-01 1.240786946871701435e+00
4.239835002946376052e-01 1.376190606285544016e+00
4.219210371243370394e-01 1.319254640270681955e+00
4.325279905715969098e-01 1.302393191000994488e+00
4.145550972304066217e-01 1.486106518436880686e+00
4.148497348261638296e-01 1.477274161927840224e+00
4.222156747200943028e-01 1.418711224023033513e+00
4.172068355922215477e-01 1.528405568178962337e+00
4.254566882734236999e-01 1.397218062597162636e+00
4.292869770182675127e-01 1.454204131575191683e+00
4.107248084855627535e-01 1.749657381983364290e+00
4.225103123158515106e-01 1.587664218509898362e+00
4.222156747200943028e-01 1.503078390570247835e+00
4.222156747200943028e-01 1.551122861749985704e+00
4.154390100176782452e-01 1.635359567754408827e+00
4.180907483794932267e-01 1.537983929409700190e+00
4.304655274012963995e-01 1.455141218269572434e+00
4.207424867413082081e-01 1.544215889538035569e+00
4.180907483794932267e-01 1.577865078168756874e+00
4.233942251031231341e-01 1.535208849345936599e+00
4.230995875073659263e-01 1.561178543988396061e+00
4.239835002946376052e-01 1.628988823469947445e+00
6.010606953447259482e-01 9.238180430496439888e-01
4.272245138479670024e-01 1.554762917406418810e+00
4.198585739540365291e-01 1.619495521573459440e+00
4.348850913376546834e-01 1.501839785014881912e+00
4.395992928697701752e-01 1.422339351738200364e+00
4.449027695934001381e-01 1.409450569573570622e+00
4.334119033588685888e-01 1.502117335796356201e+00
4.528579846788450269e-01 1.450064697686363591e+00
4.325279905715969098e-01 1.563770048758562847e+00
4.301708898055391916e-01 1.648046304197872347e+00
4.254566882734236999e-01 1.746689277536728868e+00
4.322333529758397019e-01 1.600923752083497797e+00
4.245727754861520209e-01 1.723906324190251915e+00
4.390100176782557595e-01 1.493443285717683588e+00
4.646434885091337841e-01 1.435854817137998785e+00
4.749558043606363911e-01 1.549381035215714464e+00
4.431349440188567801e-01 1.477570305852329069e+00
4.457866823806717615e-01 1.477767586708068848e+00
5.067766647024160021e-01 1.306375331738415912e+00
4.251620506776664921e-01 1.657236551537233149e+00
4.245727754861520209e-01 1.682201904409071913e+00
4.331172657631113809e-01 1.589706803069395269e+00
5.029463759575721893e-01 1.397664669681997873e+00
4.331172657631113809e-01 1.692780221209806646e+00
4.446081319976428747e-01 1.518045085317948351e+00
4.991160872127283210e-01 1.427857069408192459e+00
4.720094284030642573e-01 1.406863780582652268e+00
4.649381261048909919e-01 1.431619290043325998e+00
5.058927519151443786e-01 1.273235575241201012e+00
4.743665291691219754e-01 1.467900185024037185e+00
4.260459634649381155e-01 1.734620294150184261e+00
4.401885680612846463e-01 1.569709013490115934e+00
5.053034767236299629e-01 1.473153668291428575e+00
6.337654684737772381e-01 7.944890173042521431e-01
4.390100176782557595e-01 1.553681654088637343e+00
4.284030642309958892e-01 1.754378339823554622e+00
4.487330583382439508e-01 1.537782735684338764e+00
5.073659398939304177e-01 1.421049212708192622e+00
4.063052445492044695e-01 1.894054994863622277e+00
4.390100176782557595e-01 1.542924235848819547e+00
4.510901591043017245e-01 1.698462093577665533e+00
5.441956393635828393e-01 1.253995939212686928e+00
4.837949322333529589e-01 1.490647189757403179e+00
5.436063641720683126e-01 1.270036276649026297e+00
4.313494401885680785e-01 1.711977187324972727e+00
4.693576900412492758e-01 1.529702488113852121e+00
4.407778432527990620e-01 1.598534061628229530e+00
4.263406010606953234e-01 1.952604886363534353e+00
4.728933411903358808e-01 1.688560962677001953e+00
4.369475545079551937e-01 1.727655179360333637e+00
4.281084266352386813e-01 1.828929539989022635e+00
4.840895698291101668e-01 1.491631339578067594e+00
4.631703005303476894e-01 1.726868292864631282e+00
4.340011785503830044e-01 1.859521760660059364e+00
4.867413081909251482e-01 1.396894640782300190e+00
4.478491455509723274e-01 1.569324759876026931e+00
5.215085444902769485e-01 1.343914312474867812e+00
5.368296994696523106e-01 1.349880430628271677e+00
4.837949322333529589e-01 1.542417813749874300e+00
4.575721862109605187e-01 1.541676584412069895e+00
4.905715969357690165e-01 1.426694543922648606e+00
4.369475545079551937e-01 1.714642507188460341e+00
4.469652327637006484e-01 1.672751886003157606e+00
4.569829110194461030e-01 1.522785362075356863e+00
5.545079552150854463e-01 1.178278118371963501e+00
4.248674130819092287e-01 2.264821312006782161e+00
4.655274012964054076e-01 1.602833902134614741e+00
4.381261048909840805e-01 1.763958215713500977e+00
5.035356511490866049e-01 1.505784788552452458e+00
4.737772539776075598e-01 1.692826355204862798e+00
5.324101355332940821e-01 1.268193572759628296e+00
4.490276959340011587e-01 1.625213251394383995e+00
4.236888626988803974e-01 2.397188940468956364e+00
4.560989982321744241e-01 1.605772831860710514e+00
4.395992928697701752e-01 1.763210110804613873e+00
4.796700058927519383e-01 1.663385247482972895e+00
4.519740718915733479e-01 1.677757434985216900e+00
4.083677077195050353e-01 2.549305698450873958e+00
4.451974071891573459e-01 1.682870591388029302e+00
5.568650559811432199e-01 1.333220089183134283e+00
4.764289923394224857e-01 1.612321106826557937e+00
