3.232174425456688094e-01 1.110871753271888362e+00
3.741897466116676507e-01 1.100665965500999821e+00
4.540365350618739138e-01 1.088604082079494662e+00
4.637595757218621051e-01 1.081349663874682232e+00
5.427224513847966891e-01 1.072962673271403489e+00
5.548025928108426541e-01 1.066549977835486995e+00
5.851502651738361704e-01 1.058351117021897325e+00
6.034177961107837218e-01 1.050339509459102816e+00
6.231585150265174233e-01 1.039437984718995844e+00
6.234531526222746312e-01 1.042793947107651720e+00
6.258102533883324048e-01 1.028857269707847966e+00
6.293459045374190097e-01 1.020978741786059185e+00
6.458456098998232031e-01 1.015058459604487595e+00
6.567472009428403368e-01 1.005665519658256901e+00
6.673541543901001516e-01 9.941117342780617649e-01
6.938715380082498552e-01 9.888389250811409070e-01
7.239245727754861637e-01 9.789355379693648329e-01
6.717737183264584910e-01 9.707090872175553331e-01
7.348261638185031863e-01 9.622462304199442817e-01
7.286387743076015999e-01 9.579674584024092665e-01
7.230406599882145402e-01 9.505788070314070692e-01
7.354154390100177130e-01 9.415499112185310437e-01
7.474955804360636780e-01 9.385167588205898248e-01
7.451384796700059043e-01 9.259917280253242566e-01
7.333529758397171472e-01 9.145966978634104683e-01
7.362993517972893365e-01 9.065772838452282878e-01
7.262816735415439373e-01 9.072271725710701062e-01
6.567472009428403368e-01 9.051077961921691895e-01
7.433706540954625464e-01 8.816349699216730063e-01
7.539776075427224722e-01 8.824283655952004368e-01
6.853270477312904951e-01 8.647681527278002767e-01
7.251031231585149950e-01 8.632371373036328288e-01
6.900412492634060424e-01 8.543097026207867595e-01
6.756040070713023038e-01 8.557041497791514351e-01
6.708898055391867565e-01 8.383681405993068658e-01
6.814967589864466824e-01 8.386913836002349854e-01
6.717737183264584910e-01 8.298850813332725451e-01
6.620506776664701887e-01 8.221734621945548938e-01
6.773718326458456618e-01 8.040013085393344916e-01
6.697112551561579252e-01 8.250187372460084934e-01
6.322922804949911990e-01 8.198283314704895020e-01
6.738361814967589458e-01 7.952084471197689020e-01
6.261048909840896126e-01 8.122538082739886312e-01
5.998821449616971169e-01 8.109921532518723497e-01
6.293459045374190097e-01 7.899874553960912760e-01
6.013553329404831560e-01 7.958540057434755344e-01
6.213906894519740653e-01 7.756781052140628852e-01
5.783736004714201684e-01 7.970840440076940592e-01
5.736593989393046211e-01 7.994938843390521077e-01
5.880966411314083597e-01 7.870182868312386448e-01
5.539186800235710306e-01 8.108388588708990152e-01
5.518562168532704648e-01 8.158760474008672769e-01
5.542133176193282385e-01 8.008180698927711560e-01
5.462581025338832941e-01 8.342447368537678765e-01
5.506776664702416335e-01 8.166248097139245932e-01
5.550972304065998619e-01 8.238720858798307400e-01
5.542133176193282385e-01 7.946081179029801378e-01
5.241602828520919299e-01 8.375216073849621745e-01
5.409546258102534422e-01 8.517643476233762723e-01
5.241602828520919299e-01 8.372913511360392524e-01
5.256334708308779691e-01 8.338005332385792778e-01
5.070713022981732099e-01 8.918690348372739773e-01
5.282852091926929505e-01 8.462126412812400744e-01
5.329994107248084978e-01 8.789818567388197890e-01
4.755450795521508622e-01 9.447091642548056667e-01
4.826163818503241276e-01 9.144978014861836479e-01
4.755450795521508622e-01 9.706202552599065836e-01
4.832056570418385433e-01 9.816503384534049914e-01
4.652327637006481997e-01 9.712995658902561225e-01
4.808485562757807696e-01 9.876203887602862386e-01
4.749558043606363911e-01 9.685170930974623671e-01
4.705362404242781627e-01 1.012569082133910170e+00
4.749558043606363911e-01 1.030261190498576340e+00
4.787860931054802593e-01 1.010391770040287795e+00
4.873305833824396194e-01 9.922224072849049614e-01
4.599292869770182923e-01 1.109820909359875873e+00
4.286977018267530970e-01 1.323466977652381527e+00
4.664113140836770866e-01 1.089093103128321083e+00
4.743665291691219754e-01 1.101686905412113004e+00
4.463759575721862327e-01 1.356424272060394287e+00
4.935179728933412058e-01 1.021868155283086388e+00
4.725987035945786729e-01 1.145747074309517277e+00
4.711255156157925783e-01 1.135665930369321064e+00
4.664113140836770866e-01 1.203162305495318218e+00
4.172068355922215477e-01 1.268409637843861404e+00
4.817324690630524486e-01 1.127297231379677189e+00
4.696523276370064837e-01 1.252060579902985582e+00
4.784914555097230515e-01 1.069270446020014198e+00
4.578668238067177265e-01 1.164856321671429829e+00
4.640542133176193129e-01 1.220092249267241469e+00
4.681791396582203890e-01 1.321516832884620296e+00
4.728933411903358808e-01 1.278952340869342619e+00
4.033588685916322802e-01 1.626821041107177734e+00
4.749558043606363911e-01 1.234646025825949289e+00
4.714201532115497861e-01 1.364166094976313026e+00
4.484384207424867430e-01 1.328151797547059809e+00
4.201532115497937370e-01 1.432095997473772808e+00
4.484384207424867430e-01 1.350921669427086247e+00
4.876252209781968272e-01 1.156948533128289602e+00
4.398939304655273830e-01 1.319795575212029837e+00
4.779021803182085804e-01 1.263954046894522287e+00
4.328226281673541731e-01 1.469570959315580572e+00
4.622863877430760104e-01 1.384178733124452387e+00
4.519740718915733479e-01 1.445003264090594097e+00
4.301708898055391916e-01 1.468654131188112055e+00
4.425456688273423644e-01 1.382670304354499446e+00
4.230995875073659263e-01 1.612655513426836773e+00
4.446081319976428747e-01 1.517273601363686941e+00
3.951090159104301835e-01 1.694069971056545443e+00
4.443134944018856669e-01 1.616700491484473812e+00
4.375368296994696649e-01 1.612521893837872700e+00
4.045374189746611671e-01 1.619274507550632292e+00
4.578668238067177265e-01 1.625901018871980463e+00
5.689451974071891849e-01 1.062550066148533645e+00
4.711255156157925783e-01 1.239230755497427561e+00
4.602239245727755002e-01 1.461298199260935959e+00
4.292869770182675127e-01 1.642851790961097347e+00
4.658220388921626154e-01 1.436466592199662218e+00
4.605185621685327080e-01 1.346420032136580458e+00
4.369475545079551937e-01 1.544219251941232107e+00
4.643488509133765207e-01 1.382625702549429514e+00
4.272245138479670024e-01 1.487992223571328543e+00
4.808485562757807696e-01 1.975614340866313157e+00
4.457866823806717615e-01 1.419783290694741629e+00
4.390100176782557595e-01 1.469611164401559256e+00
4.357690041249263624e-01 1.764229476451873779e+00
4.505008839127872533e-01 1.526880397516138466e+00
4.351797289334118912e-01 1.647889466846690354e+00
3.842074248674131054e-01 1.912259845172657791e+00
4.204478491455509448e-01 1.895380707348094163e+00
4.446081319976428747e-01 1.743799055323881353e+00
4.484384207424867430e-01 1.665889694410211952e+00
3.942251031231585046e-01 1.847535483977373882e+00
4.363582793164407780e-01 1.725108171210569585e+00
4.169121979964643399e-01 1.947929697878220567e+00
4.254566882734236999e-01 1.752151349011589421e+00
4.039481437831467514e-01 1.887746015015770329e+00
4.393046552740129673e-01 1.690667818574344450e+00
4.295816146140247760e-01 1.844916795983033930e+00
4.457866823806717615e-01 1.731875479221343994e+00
4.027695934001178646e-01 2.097762581180123931e+00
4.366529169121979859e-01 1.608338450684266840e+00
4.154390100176782452e-01 1.809779910480274978e+00
4.036535061873894881e-01 1.858920220066519358e+00
3.971714790807306938e-01 2.043426383944118907e+00
4.510901591043017245e-01 1.822263945551479525e+00
4.278137890394814180e-01 1.653669767520006939e+00
4.110194460813199613e-01 2.020929792348076237e+00
4.269298762522097945e-01 2.037056502173928862e+00
3.806717737183264449e-01 2.995091880069059354e+00
4.116087212728344324e-01 2.202398475478677398e+00
4.163229228049499242e-01 1.982914198847377962e+00
4.021803182086033934e-01 2.170099833432365788e+00
4.425456688273423644e-01 2.024898799026713547e+00
4.060106069534472617e-01 2.156586804810692204e+00
4.089569829110194510e-01 2.212305682546952035e+00
4.054213317619328460e-01 2.233651950078852089e+00
4.089569829110194510e-01 2.200143779025358182e+00
3.898055391868002206e-01 2.157818240277907584e+00
3.933411903358868811e-01 2.475113809108734131e+00
4.475545079552150640e-01 1.672921587439144320e+00
4.083677077195050353e-01 2.292334970305947905e+00
3.845020624631703132e-01 2.386309686829061860e+00
4.018856806128461856e-01 2.335950514849494564e+00
3.862698880377136157e-01 2.185513738323660249e+00
4.007071302298172988e-01 2.261871274779824859e+00
4.242781378903948131e-01 2.129736192086163715e+00
4.175014731879788110e-01 1.843061405069687853e+00
4.057159693576900539e-01 2.129074142259709923e+00
4.030642309958750724e-01 2.122926407000597759e+00
3.936358279316440889e-01 2.500872471753288639e+00
5.444902769593400471e-01 1.449865176397211464e+00
3.845020624631703132e-01 2.159502082011278912e+00
4.431349440188567801e-01 1.601100711261524978e+00
4.127872716558632638e-01 2.282843961435205848e+00
4.051266941661755827e-01 2.381792271838468533e+00
4.015910430170889778e-01 2.273753218791064068e+00
3.892162639952858050e-01 2.587508117451387424e+00
4.086623453152622432e-01 1.970224373480852886e+00
4.381261048909840805e-01 1.990982227465685650e+00
4.566882734236888397e-01 1.646400265833910748e+00
4.145550972304066217e-01 2.364929258823394775e+00
4.172068355922215477e-01 2.287654929301317974e+00
4.095462581025338666e-01 2.222027613836176307e+00
4.737772539776075598e-01 1.542289218481849300e+00
4.228049499116087184e-01 2.334950261256274029e+00
4.021803182086033934e-01 2.466553284841425331e+00
4.295816146140247760e-01 2.124287710470311730e+00
3.968768414849734860e-01 2.236842853181502555e+00
4.083677077195050353e-01 2.426795303821563721e+00
4.248674130819092287e-01 2.333409565336563851e+00
4.175014731879788110e-01 2.415781813509323861e+00
3.989393046552739963e-01 2.406780916101792123e+00
4.257513258691809077e-01 2.213768938008476628e+00
4.284030642309958892e-01 2.304466528051039909e+00
4.119033588685916403e-01 2.399683850653031136e+00
4.045374189746611671e-01 2.318294710972729877e+00
4.113140836770771691e-01 2.096695377546198280e+00
3.983500294637595807e-01 2.597028623608981679e+00
4.010017678255745621e-01 2.622830103425418447e+00
