6.045963464938126641e-01 1.087358744705424485e+00
5.418385385975250657e-01 1.081140398979187012e+00
5.315262227460223476e-01 1.074886465773863042e+00
5.842663523865645470e-01 1.071964071077458946e+00
4.717147908073069940e-01 1.069376226733712576e+00
5.715969357690041663e-01 1.063682685880100065e+00
4.926340601060695268e-01 1.059035592219408795e+00
4.717147908073069940e-01 1.054939529475043880e+00
4.419563936358279488e-01 1.052713111919515221e+00
5.580436063641720512e-01 1.044771387296564491e+00
5.250441956393635534e-01 1.041698659167570318e+00
5.038302887448438128e-01 1.037202698342940321e+00
5.209192692987625328e-01 1.033547562711379042e+00
4.849734826163818457e-01 1.029620952465954975e+00
4.708308780200353705e-01 1.029585166889078529e+00
4.640542133176193129e-01 1.019489628427168837e+00
5.235710076605775143e-01 1.015863769194659039e+00
4.991160872127283210e-01 1.007256858489092632e+00
5.424278137890394813e-01 1.006564866094028288e+00
5.550972304065998619e-01 1.000137802432565115e+00
5.359457866823806871e-01 9.953403367715722982e-01
5.548025928108426541e-01 9.916269393528208687e-01
5.842663523865645470e-01 9.796101433389327040e-01
5.713022981732469585e-01 9.800349982345805122e-01
5.494991160872126912e-01 9.752868028248057319e-01
5.822038892162639812e-01 9.637593101052677191e-01
6.190335886859162917e-01 9.622254950158736220e-01
6.190335886859162917e-01 9.565804390346303032e-01
6.181496758986446682e-01 9.517478311763090115e-01
6.426045963464938060e-01 9.488656415658838217e-01
6.222746022392456888e-01 9.374144550632027562e-01
6.187389510901590839e-01 9.328318255789139757e-01
6.340601060695344460e-01 9.304828223060158665e-01
5.854449027695933783e-01 9.268719834439894667e-01
6.384796700058927854e-01 9.210142949048210070e-01
6.414260459634649747e-01 9.182796478271484375e-01
6.163818503241013103e-01 9.132795088431414632e-01
6.278727165586328596e-01 9.188878115485695774e-01
6.199175014731880262e-01 9.041467063567217854e-01
6.193282262816734995e-01 9.023498191553003256e-01
6.302298173246906332e-01 9.000291123109704916e-01
6.305244549204478410e-01 9.053230864160201063e-01
6.287566293459044831e-01 9.021622363258811061e-01
6.137301119622864398e-01 8.765141683466294298e-01
6.240424278137890468e-01 8.791535338934730603e-01
6.272834413671184439e-01 8.734230416662552843e-01
6.314083677077194645e-01 8.839178400881150255e-01
6.319976428992339912e-01 8.813621314132914497e-01
6.305244549204478410e-01 8.848367982050951985e-01
6.325869180907484068e-01 8.785510308602276774e-01
6.337654684737772381e-01 8.720672218238606499e-01
6.331761932822628225e-01 8.861675279981949815e-01
6.331761932822628225e-01 8.766341717804179146e-01
6.225692398350028967e-01 8.981989218908197348e-01
6.349440188568061805e-01 8.768230834428001330e-01
6.396582203889216167e-01 8.970478738055509549e-01
6.157925751325868946e-01 8.909262558993171766e-01
6.352386564525633883e-01 8.731662595973295193e-01
6.352386564525633883e-01 8.761879030395957058e-01
6.381850324101355776e-01 8.888118968290441568e-01
6.325869180907484068e-01 9.014482953969169543e-01
6.331761932822628225e-01 9.126614980837878255e-01
6.390689451974072011e-01 8.830101191997528076e-01
6.405421331761932402e-01 8.911321654039270346e-01
6.402474955804360324e-01 8.996015927370857312e-01
6.340601060695344460e-01 9.100783730254453641e-01
6.402474955804360324e-01 9.100694147979512261e-01
5.736593989393046211e-01 9.841561703120961235e-01
6.337654684737772381e-01 9.389635412132039116e-01
6.234531526222746312e-01 9.279464728691998454e-01
6.337654684737772381e-01 9.518846834407133084e-01
6.337654684737772381e-01 9.423669524052563640e-01
6.272834413671184439e-01 9.698496776468613634e-01
6.328815556865056147e-01 9.574575143701890001e-01
6.319976428992339912e-01 9.545077436110552815e-01
6.314083677077194645e-01 9.685024443794699733e-01
6.252209781968178781e-01 9.860011198941398547e-01
6.281673541543900674e-01 9.698595895486719076e-01
6.296405421331762176e-01 9.659750128493589383e-01
6.261048909840896126e-01 9.839667274671441977e-01
6.184443134944018761e-01 1.014463706928141029e+00
5.928108426635239070e-01 1.050494507831685631e+00
6.037124337065409296e-01 1.077917379491469374e+00
5.984089569829109667e-01 1.091864710344987666e+00
5.757218621096051869e-01 1.174005980000776495e+00
6.261048909840896126e-01 1.032059443347594252e+00
6.193282262816734995e-01 1.043292378678041255e+00
6.172657631113730448e-01 1.057864893885219759e+00
5.942840306423099461e-01 1.098115421393338398e+00
6.001767825574543247e-01 1.072283481850343501e+00
6.154979375368296868e-01 1.083325727897531898e+00
5.987035945786682856e-01 1.108898995553746047e+00
5.282852091926929505e-01 1.303616793716654954e+00
5.942840306423099461e-01 1.120040052077349468e+00
6.010606953447259482e-01 1.100567779120277034e+00
5.836770771950501313e-01 1.168165289303835674e+00
6.072480848556275346e-01 1.117699779131833271e+00
5.916322922804949647e-01 1.218149521771599186e+00
5.954625810253388885e-01 1.183291752548778719e+00
5.957572186210960963e-01 1.130547737374025141e+00
5.786682380671773762e-01 1.255266019526649846e+00
6.034177961107837218e-01 1.138635321575052650e+00
6.051856216853270798e-01 1.129099709146162978e+00
5.724808485562757898e-01 1.287131097386865042e+00
5.925162050677666992e-01 1.178465113920323937e+00
5.928108426635239070e-01 1.249309911447412880e+00
5.822038892162639812e-01 1.304700397393282696e+00
5.951679434295815696e-01 1.210302810458576017e+00
5.972304065998821354e-01 1.199781935004627043e+00
5.898644667059517177e-01 1.287388335256015592e+00
5.963464938126105119e-01 1.174298321499543940e+00
5.963464938126105119e-01 1.251342461389653771e+00
5.718915733647613742e-01 1.435981873203726389e+00
5.954625810253388885e-01 1.283108844476587684e+00
5.910430170889805490e-01 1.290070055162205520e+00
5.760164997053623948e-01 1.389803991598241417e+00
5.957572186210960963e-01 1.212462016764809025e+00
5.919269298762521725e-01 1.274924462332444941e+00
5.925162050677666992e-01 1.316150293630712120e+00
5.763111373011196026e-01 1.429823251331553635e+00
5.836770771950501313e-01 1.320381732547984299e+00
5.878020035356511519e-01 1.243404183317633249e+00
5.798467884502062075e-01 1.479573554852429584e+00
5.848556275780789626e-01 1.428682421936708247e+00
5.869180907483795284e-01 1.318887549288132677e+00
5.824985268120211890e-01 1.438659184119280621e+00
5.878020035356511519e-01 1.332452731973984728e+00
5.804360636417207342e-01 1.285055002745460140e+00
5.822038892162639812e-01 1.468949054970460688e+00
5.822038892162639812e-01 1.317226888502345261e+00
5.842663523865645470e-01 1.430691277279573237e+00
5.176782557454331357e-01 1.762727807549869352e+00
5.854449027695933783e-01 1.396876222947064594e+00
5.771950500883912261e-01 1.490817616967593962e+00
5.839717147908073391e-01 1.493556282099555599e+00
5.592221567472009935e-01 1.522346507100498014e+00
5.822038892162639812e-01 1.525493176544413743e+00
5.863288155568650017e-01 1.352896664072485544e+00
5.830878020035356046e-01 1.438626685563255680e+00
5.845609899823217548e-01 1.402506014880012142e+00
5.701237477902180162e-01 1.551723455681520258e+00
5.615792575132586562e-01 1.674822954570545974e+00
5.995875073659399090e-01 1.230735207305235113e+00
5.657041838538597878e-01 1.608452653183656489e+00
5.816146140247495655e-01 1.467663407325744629e+00
5.209192692987625328e-01 1.722113868769477474e+00
5.144372421921037386e-01 1.818915188312530518e+00
5.804360636417207342e-01 1.534462041714612202e+00
5.713022981732469585e-01 1.640361284508424555e+00
5.715969357690041663e-01 1.560686938902910992e+00
5.795521508544489997e-01 1.571616200839772048e+00
5.680612846199174504e-01 1.689034311210408035e+00
5.754272245138479791e-01 1.489021290751064486e+00
5.671773718326458269e-01 1.745738418663249192e+00
5.698291101944608084e-01 1.673510807401993761e+00
5.657041838538597878e-01 1.590198916547438612e+00
5.763111373011196026e-01 1.582587200052598009e+00
5.718915733647613742e-01 1.639236902489381587e+00
5.742486741308191478e-01 1.622380898279302208e+00
5.774896876841485449e-01 1.435028226936564621e+00
5.771950500883912261e-01 1.580095806542564763e+00
5.766057748968768104e-01 1.615904636242810444e+00
5.344725987035945369e-01 1.750654069816365066e+00
5.754272245138479791e-01 1.696106787990121267e+00
5.677666470241602426e-01 1.689759520923390212e+00
5.627578078962875985e-01 1.727689732523525423e+00
5.757218621096051869e-01 1.654470408664030279e+00
5.677666470241602426e-01 1.688270551316878310e+00
5.026517383618149815e-01 1.997491573586183344e+00
5.400707130229817077e-01 1.755984078435336881e+00
5.748379493223335635e-01 1.583852673278135503e+00
5.335886859163229134e-01 1.768589556217193604e+00
5.568650559811432199e-01 1.766108579495373920e+00
5.453741897466116706e-01 1.741240890587077317e+00
5.724808485562757898e-01 1.665670198552748671e+00
5.512669416617560492e-01 1.785538007231319613e+00
5.580436063641720512e-01 1.597516203627866949e+00
5.713022981732469585e-01 1.615121417185839459e+00
5.621685327047731828e-01 1.743663756286396804e+00
5.430170889805538970e-01 1.658917293829076378e+00
5.250441956393635534e-01 1.973567636574015793e+00
5.368296994696523106e-01 1.890098610345054997e+00
5.265173836181497036e-01 1.911210463327519982e+00
5.206246317030053250e-01 1.933016850667841346e+00
5.633470830878020141e-01 1.755046507891486751e+00
5.869180907483795284e-01 1.551023185253143311e+00
5.441956393635828393e-01 2.042004224132089263e+00
5.698291101944608084e-01 1.700377920094658268e+00
5.674720094284030347e-01 1.759268722113441097e+00
5.550972304065998619e-01 1.864094874438117611e+00
5.839717147908073391e-01 1.591812452849219905e+00
5.259281084266352879e-01 2.076610239113078293e+00
5.662934590453742034e-01 1.788873896879308312e+00
5.657041838538597878e-01 1.836729635210598177e+00
5.371243370654095184e-01 1.877670309122871029e+00
5.698291101944608084e-01 1.767986536026000977e+00
5.559811431938714854e-01 1.750206954338971332e+00
5.315262227460223476e-01 1.946169232620912348e+00
5.533294048320566150e-01 1.907314030563130203e+00
4.360636417206835702e-01 2.541974418303545757e+00
