2.386564525633470824e-01 1.131106190821703716e+00
2.657631113730111738e-01 1.128120667794171528e+00
2.433706540954625741e-01 1.128086749245138742e+00
2.916912197996464617e-01 1.117567777633666992e+00
3.167354154390100152e-01 1.118805156034581749e+00
3.364761343547436612e-01 1.113145253237556087e+00
3.376546847377725480e-01 1.110883569016176020e+00
3.579846788450206096e-01 1.105472038773929411e+00
3.668238067177371775e-01 1.106279380181256489e+00
3.744843842074248585e-01 1.102676977129543490e+00
3.730111962286387639e-01 1.095662208164439377e+00
3.747790218031820664e-01 1.093888528206769184e+00
3.768414849734826322e-01 1.085076693226309397e+00
3.803771361225692371e-01 1.083742425722234337e+00
3.759575721862109532e-01 1.080217098488527094e+00
3.641720683559221960e-01 1.083435731775620470e+00
3.600471420153211755e-01 1.077759669107549279e+00
3.682969946965232722e-01 1.076150890658883474e+00
3.635827931644077804e-01 1.074630705749287429e+00
3.674130819092515932e-01 1.075078922159531603e+00
3.615203299941072701e-01 1.073787103681003385e+00
3.647613435474366672e-01 1.070223100045148090e+00
3.606364172068355911e-01 1.075474767123951736e+00
3.674130819092515932e-01 1.067845817874459646e+00
3.441367118444313422e-01 1.067178764764000309e+00
3.629935179728933647e-01 1.075731056578019151e+00
3.724219210371243483e-01 1.069359912591822059e+00
3.747790218031820664e-01 1.065853641313665001e+00
3.744843842074248585e-01 1.057237779392915522e+00
3.688862698880376878e-01 1.071728204979615962e+00
3.756629345904537454e-01 1.059887048076180838e+00
3.780200353565114635e-01 1.052126539104125014e+00
3.800824985268120293e-01 1.061112021698671137e+00
3.747790218031820664e-01 1.057081348755780414e+00
3.741897466116676507e-01 1.067817716037525955e+00
3.915733647613435231e-01 1.057482242584228516e+00
3.921626399528579943e-01 1.051432521904215989e+00
3.898055391868002206e-01 1.046641798580393967e+00
3.918680023571007864e-01 1.061466674594318205e+00
3.927519151443724099e-01 1.055134659304338252e+00
3.906894519740718996e-01 1.033731741063734999e+00
3.842074248674131054e-01 1.062527069274116887e+00
3.971714790807306938e-01 1.048645594540764225e+00
3.948143783146729757e-01 1.051785251673530208e+00
4.060106069534472617e-01 1.040743268588010029e+00
4.068945197407189407e-01 1.040433448903700819e+00
4.183853859752504345e-01 1.017864015172509573e+00
4.198585739540365291e-01 1.046228294863420283e+00
3.918680023571007864e-01 1.047493657645057308e+00
4.116087212728344324e-01 1.051760917200761591e+00
4.142604596346493584e-01 1.024726690614924607e+00
4.189746611667649057e-01 1.030094558701795782e+00
4.316440777843252863e-01 1.043753117322921753e+00
4.334119033588685888e-01 1.031767343773561274e+00
4.210371243370654160e-01 1.042933944393606760e+00
4.228049499116087184e-01 1.028655721860773475e+00
4.449027695934001381e-01 1.083283445414374935e+00
4.233942251031231341e-01 1.041522781638538175e+00
4.543311726576311216e-01 1.053680737228954500e+00
4.675898644667059734e-01 1.040488185251460251e+00
4.437242192103712513e-01 1.041895803283242605e+00
4.490276959340011587e-01 1.029702936901765620e+00
4.463759575721862327e-01 1.079025563071755789e+00
4.316440777843252863e-01 1.041400492191314697e+00
5.085444902769593600e-01 1.038875609636306763e+00
4.885091337654684507e-01 1.078698123202604497e+00
4.852681202121390536e-01 1.053076596821055588e+00
4.967589864466706029e-01 1.071361397995668208e+00
4.537418974661166504e-01 1.064436367329429256e+00
4.970536240424278107e-01 1.070238478043500141e+00
5.032410135533293971e-01 1.056715616408516301e+00
4.991160872127283210e-01 1.055614283856223690e+00
5.138479670005893230e-01 1.011787439093870367e+00
5.088391278727165679e-01 1.053883668254403494e+00
5.085444902769593600e-01 1.111567265847150043e+00
5.041249263406010206e-01 1.115447121507981310e+00
5.014731879787860391e-01 1.086514313431347079e+00
4.575721862109605187e-01 1.114928089520510479e+00
5.088391278727165679e-01 1.064750217339571758e+00
5.032410135533293971e-01 1.116617232561111450e+00
4.991160872127283210e-01 1.129230700871523663e+00
4.935179728933412058e-01 1.085143071763655653e+00
5.014731879787860391e-01 1.078417711398180767e+00
5.073659398939304177e-01 1.141752902199240305e+00
5.032410135533293971e-01 1.074924349784851074e+00
5.058927519151443786e-01 1.092089919482960525e+00
5.053034767236299629e-01 1.069867558339062885e+00
5.209192692987625328e-01 1.123859102235120977e+00
5.079552150854449444e-01 1.021496146917343140e+00
5.250441956393635534e-01 1.110905659549376479e+00
5.106069534472599258e-01 1.141250045860514817e+00
5.332940483205657056e-01 1.142352950923583021e+00
4.926340601060695268e-01 1.149128845509360897e+00
5.029463759575721893e-01 1.129673182964324951e+00
5.412492634060106500e-01 1.147344620788798508e+00
5.117855038302887571e-01 1.196101728607626535e+00
5.138479670005893230e-01 1.198437050861470787e+00
5.109015910430171337e-01 1.120481578742756668e+00
5.200353565114909093e-01 1.161343032822889532e+00
5.126694166175603806e-01 1.182670796618742193e+00
5.256334708308779691e-01 1.115648290690253841e+00
5.191514437242191748e-01 1.226801898549584768e+00
5.265173836181497036e-01 1.246933796826530827e+00
5.044195639363582284e-01 1.103619335328831497e+00
5.368296994696523106e-01 1.244183843626695429e+00
5.562757807896288043e-01 1.173644476077135845e+00
5.164997053624041934e-01 1.122174455839044960e+00
5.120801414260459650e-01 1.235044773887185476e+00
4.973482616381850185e-01 1.233710362630731971e+00
5.571596935769004277e-01 1.112033914117252165e+00
5.271066588096641192e-01 1.155753630049088487e+00
5.241602828520919299e-01 1.176247244372087275e+00
5.468473777253977097e-01 1.147663800155415359e+00
5.229817324690630986e-01 1.180086279616636480e+00
5.297583971714791007e-01 1.205622478443033607e+00
5.403653506187389155e-01 1.114238949383006272e+00
5.780789628756629606e-01 1.205944217303219990e+00
5.571596935769004277e-01 1.208848299349055466e+00
5.624631703005303907e-01 1.167871447170481858e+00
5.604007071302298248e-01 1.224781692028045654e+00
5.530347672362994071e-01 1.262117645319770443e+00
5.365350618738951027e-01 1.219003935070598788e+00
5.736593989393046211e-01 1.166784072623533453e+00
5.483205657041838599e-01 1.210091082488789382e+00
5.282852091926929505e-01 1.222732270465177740e+00
5.539186800235710306e-01 1.167218995444914809e+00
5.683559222156747692e-01 1.175592340090695576e+00
5.347672362993517448e-01 1.248714706476997005e+00
5.789628756629345840e-01 1.257505394080105976e+00
5.739540365350618289e-01 1.219306277878144273e+00
5.550972304065998619e-01 1.040520725881352249e+00
5.548025928108426541e-01 1.278896819142734342e+00
5.774896876841485449e-01 1.291370952830595220e+00
5.550972304065998619e-01 1.153956295812831101e+00
5.642309958750736376e-01 1.126759376596002005e+00
5.883912787271655676e-01 1.212359817589030442e+00
5.253388332351207612e-01 1.371014868511873042e+00
5.536240424278138228e-01 1.275295695837806331e+00
5.742486741308191478e-01 1.156955715487985037e+00
5.745433117265763556e-01 1.141792416572570801e+00
6.113730111962286662e-01 1.306703474591760061e+00
5.866234531526223206e-01 1.036381171030156700e+00
5.680612846199174504e-01 1.274672206710366629e+00
5.327047731290512900e-01 1.288613515741684923e+00
5.630524454920448063e-01 1.177783143870970717e+00
5.919269298762521725e-01 1.208211949642966854e+00
5.919269298762521725e-01 1.211515938534456049e+00
5.987035945786682856e-01 1.130982463850694453e+00
4.758397171479080701e-01 1.339357765281901536e+00
6.022392457277548905e-01 1.161436087944928364e+00
5.609899823217442405e-01 1.267232675762737459e+00
5.724808485562757898e-01 1.226307591971229183e+00
5.948733058338243618e-01 1.318618213429170405e+00
5.668827342368886191e-01 1.222625564126407438e+00
5.872127283441367362e-01 1.145685173132840351e+00
5.981143193871537589e-01 1.401946095859303298e+00
5.592221567472009935e-01 1.277670059133978464e+00
5.942840306423099461e-01 1.231399048777187533e+00
6.001767825574543247e-01 1.316155899973476595e+00
5.662934590453742034e-01 1.233768102000741385e+00
5.948733058338243618e-01 1.283650489414439377e+00
5.285798467884501584e-01 1.367463162716697322e+00
5.621685327047731828e-01 1.449199988561518104e+00
5.766057748968768104e-01 1.203296820907031828e+00
5.648202710665880533e-01 1.410189204356249615e+00
5.913376546847377568e-01 1.209242349161821162e+00
5.827931644077783968e-01 1.364753295393551058e+00
5.259281084266352879e-01 1.628081970355089947e+00
5.816146140247495655e-01 1.322872617665459050e+00
5.880966411314083597e-01 1.246378018575556190e+00
5.804360636417207342e-01 1.096514461671604934e+00
5.076605774896877366e-01 1.581403935656828130e+00
5.453741897466116706e-01 1.381167488939621935e+00
5.857395403653505861e-01 1.222566583577324284e+00
5.824985268120211890e-01 1.083453860353021048e+00
5.780789628756629606e-01 1.241442007177016249e+00
5.898644667059517177e-01 1.141387688763001451e+00
5.008839127872716235e-01 1.708968081895042790e+00
5.948733058338243618e-01 1.198617246221093557e+00
5.088391278727165679e-01 1.664424303699942209e+00
5.780789628756629606e-01 1.286291576483670429e+00
5.615792575132586562e-01 1.211712561986025616e+00
5.674720094284030347e-01 1.206940531730651855e+00
5.984089569829109667e-01 1.251592560726053627e+00
5.931054802592811148e-01 1.164603200028924368e+00
5.659988214496169956e-01 1.452598222914863957e+00
6.007660577489687403e-01 1.328699841218836220e+00
5.995875073659399090e-01 1.402018038665547195e+00
5.733647613435474133e-01 1.321692463229684256e+00
6.081319976428992691e-01 1.219292886116925434e+00
5.925162050677666992e-01 1.213365439106436350e+00
5.957572186210960963e-01 1.153489973615197561e+00
5.830878020035356046e-01 1.226548208909876259e+00
5.188568061284619670e-01 1.493997594889472591e+00
5.123747790218031728e-01 1.610368539305294222e+00
6.010606953447259482e-01 1.285405516624450684e+00
6.181496758986446682e-01 1.183426497613682571e+00
5.972304065998821354e-01 1.192995010053410354e+00
5.992928697701827012e-01 1.286869059590732389e+00
5.621685327047731828e-01 1.507450187907499517e+00
