3.291101944608131880e-01 1.111582871745614431e+00
3.338243959929286797e-01 1.086223952910479351e+00
3.411903358868591529e-01 1.070072633378645888e+00
3.447259870359458134e-01 1.057110519970164475e+00
4.172068355922215477e-01 1.036092183169196712e+00
4.481437831467295352e-01 1.027493964223300749e+00
5.987035945786682856e-01 1.002647005459841534e+00
6.470241602828521454e-01 9.844149438773884819e-01
6.149086623453152711e-01 9.748746735208174696e-01
6.464348850913376188e-01 9.494945564690757678e-01
6.355332940483205961e-01 9.375975570257972791e-01
6.104890984089569317e-01 9.097805005662581435e-01
6.440777843252799562e-01 8.932733115027932103e-01
6.393635827931644089e-01 8.735999903258155896e-01
6.434885091337654295e-01 8.513528038473689996e-01
6.738361814967589458e-01 8.343440013773301134e-01
6.423099587507365982e-01 8.240648227579453478e-01
6.829699469652327215e-01 8.118660046773797934e-01
6.393635827931644089e-01 8.083934012581320827e-01
6.426045963464938060e-01 7.933014333248138428e-01
5.816146140247495655e-01 7.968844420769635173e-01
7.124337065409546144e-01 7.669954825850093805e-01
6.558632881555686023e-01 7.594560419811922092e-01
6.281673541543900674e-01 7.627230093759649332e-01
6.370064820271066353e-01 7.553083177875069554e-01
6.231585150265174233e-01 7.581147025613224066e-01
6.396582203889216167e-01 7.428471148014068604e-01
6.405421331761932402e-01 7.338462103815639459e-01
6.202121390689452340e-01 7.290286036098704292e-01
5.819092516205067733e-01 7.366138135685640354e-01
5.934001178550383226e-01 7.290939197820776041e-01
5.833824395992929235e-01 7.299989111283246013e-01
5.854449027695933783e-01 7.274717600906596138e-01
5.848556275780789626e-01 7.249993506599875515e-01
5.919269298762521725e-01 7.173758727662703505e-01
5.854449027695933783e-01 7.179629960480857775e-01
5.992928697701827012e-01 7.088301672654993002e-01
5.394814378314672920e-01 7.776506104890037463e-01
5.724808485562757898e-01 7.292044530896579779e-01
5.721862109605185820e-01 7.359828089966493625e-01
6.007660577489687403e-01 7.028454734998590414e-01
5.934001178550383226e-01 7.132578018833609645e-01
5.998821449616971169e-01 6.948563105919781657e-01
5.604007071302298248e-01 7.505900649463429497e-01
6.034177961107837218e-01 7.053292726769166965e-01
5.813199764289923577e-01 7.339286418522105171e-01
6.031231585150265140e-01 7.015991666737724231e-01
6.290512669416618019e-01 6.733774437623865072e-01
5.742486741308191478e-01 7.261883020401000977e-01
5.978196817913965511e-01 7.007515412919661513e-01
5.904537418974661334e-01 7.058535235769608507e-01
6.037124337065409296e-01 6.992847726625555094e-01
6.473187978786093533e-01 6.545028055415433865e-01
6.390689451974072011e-01 6.584098128711476372e-01
6.505598114319387504e-01 6.541098338716170302e-01
6.717737183264584910e-01 6.463871720959158962e-01
6.358279316440778040e-01 6.755148645709542210e-01
6.455509723040659953e-01 6.635772182660943930e-01
6.891573364761343079e-01 6.211411540999132175e-01
6.717737183264584910e-01 6.353539684239555285e-01
6.703005303476723409e-01 6.410656623980578450e-01
7.097819681791396329e-01 6.014848298886242839e-01
6.644077784325279623e-01 6.494972758433398274e-01
7.027106658809664230e-01 5.885045116438585300e-01
7.233352975839717480e-01 5.779671616414013835e-01
6.868002357100766453e-01 6.176753438570919963e-01
7.136122569239834457e-01 5.914349950411740275e-01
7.018267530936947995e-01 5.812559855334898939e-01
7.233352975839717480e-01 5.871505544466131266e-01
7.466116676487919435e-01 5.478913328226875379e-01
7.124337065409546144e-01 5.808491514009588297e-01
7.180318208603417851e-01 5.756058815647574489e-01
7.186210960518562008e-01 5.671810542835908908e-01
7.192103712433706164e-01 5.688375515096327772e-01
7.071302298173246514e-01 5.887959652087267903e-01
7.259870359457867295e-01 5.661668803761986668e-01
7.018267530936947995e-01 6.004267536541995076e-01
7.115497937536829909e-01 5.857202244155547133e-01
7.245138479670005793e-01 5.670307418879341199e-01
7.156747200942840115e-01 5.751818488625919379e-01
7.086034177961108016e-01 5.914717123788946207e-01
7.124337065409546144e-01 5.889306313851300212e-01
7.277548615203299764e-01 5.636898489559397651e-01
6.991750147318798181e-01 5.979531170690760566e-01
7.256923983500294106e-01 5.665013947907615588e-01
7.133176193282262378e-01 5.933094655766206760e-01
7.147908073070123880e-01 5.891648487133138712e-01
7.268709487330583530e-01 5.694897858535542534e-01
7.091926929876252172e-01 6.019749544999178914e-01
7.136122569239834457e-01 5.892146729371127156e-01
7.162639952857984271e-01 5.819555985576966295e-01
7.074248674130818593e-01 6.074377780451494235e-01
7.186210960518562008e-01 5.975549562888986532e-01
7.097819681791396329e-01 6.150762228404774712e-01
7.086034177961108016e-01 6.075112600536907159e-01
7.094873305833824251e-01 6.115359392236260350e-01
6.956393635827932131e-01 6.421032179804408990e-01
7.041838538597524622e-01 6.351875189472647731e-01
6.926929876252210239e-01 6.547043884501737576e-01
7.077195050088391781e-01 6.208913711940541313e-01
7.112551561579257831e-01 6.356267490807701037e-01
7.038892162639952543e-01 6.412918138153412828e-01
7.212728344136711822e-01 6.100521280485040609e-01
7.065409546258102358e-01 6.437505378442651693e-01
7.065409546258102358e-01 6.411961360889322226e-01
6.870948733058338531e-01 6.897010084460762913e-01
6.841484973482616638e-01 7.050665248842800104e-01
6.906305244549204581e-01 6.628116009866490410e-01
7.053624042427814045e-01 6.507290461484123156e-01
6.826753093694755137e-01 7.267847324118894559e-01
6.894519740718916267e-01 7.024409998865688287e-01
6.809074837949322667e-01 7.360369633225833930e-01
6.932822628167354395e-01 7.226358126191532172e-01
6.812021213906894745e-01 7.436338899766697930e-01
6.894519740718916267e-01 7.046403341433581380e-01
6.761932822628167195e-01 7.506351821562823323e-01
6.988803771361226103e-01 6.923812364830690402e-01
6.794342958161461166e-01 7.824791739968692816e-01
6.823806717737183059e-01 7.644118070602416992e-01
6.865055981143194375e-01 7.468388098127701769e-01
6.700058927519151331e-01 8.612209628610050238e-01
6.806128461991750589e-01 7.976428287870743761e-01
6.823806717737183059e-01 7.777390129425946208e-01
6.700058927519151331e-01 8.324880459729362414e-01
6.700058927519151331e-01 8.287733512766221056e-01
6.994696523276370259e-01 7.289827711441937419e-01
6.797289334119033244e-01 7.649684390600990369e-01
6.700058927519151331e-01 8.079741790014154379e-01
7.015321154979375917e-01 7.198930032113018962e-01
6.868002357100766453e-01 7.833219398470485650e-01
6.700058927519151331e-01 8.642013248275307591e-01
6.700058927519151331e-01 8.066751501139473035e-01
6.700058927519151331e-01 9.323541083756614611e-01
6.903358868591632502e-01 8.171417888473061497e-01
6.776664702416028696e-01 8.202575006905723498e-01
6.700058927519151331e-01 8.551597507560954048e-01
6.968179139658220445e-01 7.580594025990542439e-01
6.700058927519151331e-01 8.266794401056626329e-01
6.700058927519151331e-01 9.137976625386405871e-01
6.700058927519151331e-01 8.989395902437322672e-01
6.764879198585739273e-01 8.272467185469234430e-01
7.112551561579257831e-01 7.343718663734548624e-01
6.829699469652327215e-01 8.079047606271856363e-01
7.489687684148497171e-01 6.767666199628044055e-01
6.700058927519151331e-01 8.875669626628651665e-01
6.700058927519151331e-01 9.586970648344825818e-01
6.758986446670595116e-01 8.956777120337766629e-01
6.700058927519151331e-01 9.589847063317018527e-01
6.700058927519151331e-01 9.266632865456974066e-01
6.750147318797878881e-01 8.912214338779449463e-01
6.870948733058338531e-01 8.593253616024466579e-01
6.700058927519151331e-01 9.567812488359563883e-01
6.700058927519151331e-01 9.111088233835556993e-01
6.700058927519151331e-01 9.801928961978239041e-01
6.994696523276370259e-01 7.608240509734434109e-01
6.700058927519151331e-01 1.035113285569583708e+00
6.773718326458456618e-01 8.166606373646679851e-01
6.708898055391867565e-01 9.152004525941961344e-01
6.700058927519151331e-01 9.672733790734234782e-01
6.785503830288744931e-01 8.386554858263801648e-01
6.947554507955214786e-01 8.247072784339680718e-01
6.732469063052445302e-01 9.189946739112629936e-01
6.776664702416028696e-01 9.557621110888088189e-01
6.700058927519151331e-01 1.031094470444847477e+00
6.764879198585739273e-01 9.913213726352242405e-01
6.929876252209782317e-01 9.799173807396608371e-01
6.888626988803771001e-01 9.630507686558891223e-01
6.735415439010017380e-01 8.824200226980096762e-01
6.770771950500883429e-01 8.993577361106872559e-01
6.879787860931054766e-01 8.910296331433689154e-01
6.758986446670595116e-01 9.212753351996926243e-01
6.753093694755450960e-01 9.629255357910605495e-01
6.747200942840306803e-01 1.009398909176097092e+00
6.700058927519151331e-01 9.835574521737939779e-01
6.779611078373600774e-01 9.556939198690301840e-01
6.767825574543311351e-01 8.857574866098516519e-01
6.700058927519151331e-01 1.018449159229502854e+00
6.773718326458456618e-01 9.694822044933543159e-01
6.773718326458456618e-01 9.914502483956953993e-01
6.700058927519151331e-01 9.865918685408199273e-01
7.195050088391278242e-01 7.692522652008954021e-01
7.021213906894520074e-01 8.329481903244467800e-01
6.829699469652327215e-01 9.575108605272629747e-01
7.012374779021802729e-01 8.945118031081031873e-01
6.700058927519151331e-01 8.560220283620497694e-01
6.773718326458456618e-01 9.961791441721075113e-01
7.380671773718326945e-01 7.737162481336032904e-01
6.764879198585739273e-01 1.021443265325882921e+00
6.767825574543311351e-01 1.017074868959539025e+00
6.700058927519151331e-01 1.023832463166292950e+00
6.700058927519151331e-01 1.085414958350798598e+00
6.700058927519151331e-01 1.304742022472269447e+00
6.700058927519151331e-01 9.358532814418568657e-01
6.700058927519151331e-01 1.168496734955731586e+00
6.885680612846198922e-01 9.342568972531486438e-01
6.700058927519151331e-01 1.016109720749013512e+00
6.918090748379492894e-01 9.049939250244813937e-01
6.761932822628167195e-01 9.829476247815525092e-01
6.700058927519151331e-01 1.159053248517653456e+00
6.900412492634060424e-01 9.412897422033197348e-01
