3.252799057159693752e-01 1.147589157609378629e+00
3.252799057159693752e-01 1.131778380450080501e+00
3.252799057159693752e-01 1.123138084131128700e+00
3.252799057159693752e-01 1.112394462613498503e+00
3.252799057159693752e-01 1.102752054438871587e+00
3.252799057159693752e-01 1.094528562882367329e+00
3.697701826753093668e-01 1.086388598470126921e+00
3.453152622274602290e-01 1.077726455295787034e+00
3.951090159104301835e-01 1.066245590939241206e+00
3.974661166764879017e-01 1.060285806655883789e+00
4.127872716558632638e-01 1.048385322093963623e+00
4.048320565704183749e-01 1.045534666846780203e+00
4.835002946375957511e-01 1.026782705503351600e+00
4.861520329994107326e-01 1.017536566537969200e+00
5.058927519151443786e-01 1.013325359891442679e+00
4.849734826163818457e-01 1.007757137803470426e+00
5.271066588096641192e-01 9.937526233056012126e-01
5.276959340011785349e-01 9.891592895283418674e-01
5.462581025338832941e-01 9.744769036769866943e-01
5.618738951090158640e-01 9.571760121513815944e-01
5.604007071302298248e-01 9.568352892118341391e-01
5.447849145550972549e-01 9.589319369372200086e-01
5.509723040659988413e-01 9.449251434382270887e-01
5.553918680023570698e-01 9.435163508443271674e-01
5.686505598114319771e-01 9.298082747880149768e-01
5.733647613435474133e-01 9.314545217682334011e-01
5.777843252799057527e-01 9.207132160663604736e-01
5.724808485562757898e-01 9.102399173904868190e-01
5.760164997053623948e-01 9.139054996125838271e-01
5.721862109605185820e-01 9.027065669789033908e-01
5.704183853859752240e-01 8.981651207979988172e-01
5.695344725987036005e-01 8.892297832404866265e-01
5.662934590453742034e-01 8.714065551757812500e-01
5.648202710665880533e-01 8.737439250244813937e-01
5.710076605774896397e-01 8.621464599581325494e-01
5.624631703005303907e-01 8.636732995510101318e-01
5.771950500883912261e-01 8.551049775937024089e-01
5.636417206835592220e-01 8.646825324086582221e-01
5.674720094284030347e-01 8.585691995480481120e-01
5.783736004714201684e-01 8.337075307088739340e-01
5.763111373011196026e-01 8.421659820220049886e-01
5.807307012374779420e-01 8.319959009394926053e-01
5.824985268120211890e-01 8.317628292476429985e-01
5.795521508544489997e-01 8.305380239206201498e-01
5.836770771950501313e-01 8.385764360427856445e-01
5.857395403653505861e-01 8.364947403178495389e-01
5.783736004714201684e-01 8.145488605779760416e-01
5.810253388332351498e-01 8.212671385091894205e-01
5.816146140247495655e-01 8.279002326376297960e-01
5.878020035356511519e-01 8.231042290435117703e-01
5.851502651738361704e-01 8.200020982938653891e-01
5.869180907483795284e-01 8.282103293082293538e-01
5.639363582793164298e-01 8.376280980951645860e-01
5.866234531526223206e-01 8.181142263552722005e-01
5.642309958750736376e-01 8.302582747796002360e-01
5.648202710665880533e-01 8.383258002645829210e-01
5.651149086623452611e-01 8.411773302975822375e-01
5.695344725987036005e-01 8.430660682566025743e-01
5.724808485562757898e-01 8.291454508024103109e-01
5.612846199175014483e-01 8.470354869085199301e-01
5.556865055981142776e-01 8.655809286762686794e-01
5.780789628756629606e-01 8.347043149611529378e-01
5.642309958750736376e-01 8.508061380947337105e-01
5.642309958750736376e-01 8.541639587458442762e-01
5.665880966411314112e-01 8.521511133979348118e-01
5.568650559811432199e-01 8.797396228593938883e-01
5.598114319387154092e-01 8.813947456724503526e-01
5.606953447259870327e-01 8.964308798313140869e-01
5.609899823217442405e-01 8.867513677653144910e-01
5.810253388332351498e-01 8.641594858730540230e-01
5.934001178550383226e-01 8.606923450441921197e-01
5.786682380671773762e-01 8.697195088162141818e-01
5.654095462581025799e-01 9.028959256761214247e-01
5.892751915144371910e-01 8.914165531887727756e-01
5.683559222156747692e-01 9.342584101592793511e-01
5.718915733647613742e-01 9.160242957227370253e-01
5.657041838538597878e-01 9.608987885362961778e-01
5.954625810253388885e-01 8.636192083358764648e-01
5.612846199175014483e-01 9.657713595558615749e-01
5.854449027695933783e-01 9.063812652054954455e-01
5.771950500883912261e-01 9.131234445992637561e-01
5.957572186210960963e-01 9.033134790027842476e-01
5.786682380671773762e-01 9.335286897771498671e-01
5.683559222156747692e-01 1.009529404780443951e+00
5.654095462581025799e-01 9.755303070825689371e-01
5.836770771950501313e-01 9.349034516250386284e-01
5.665880966411314112e-01 1.007442185107399357e+00
5.898644667059517177e-01 9.351879989399629611e-01
5.810253388332351498e-01 9.537129489814534233e-01
5.710076605774896397e-01 1.054791766054490099e+00
5.662934590453742034e-01 9.890018859330345080e-01
5.951679434295815696e-01 9.372605698950150499e-01
5.895698291101945099e-01 9.752098812776452963e-01
5.833824395992929235e-01 9.711973982698777208e-01
6.284619917501472752e-01 7.915173137889188748e-01
5.648202710665880533e-01 1.118965946576174542e+00
6.025338833235120983e-01 9.791122166549458550e-01
6.001767825574543247e-01 8.883513369980979846e-01
5.913376546847377568e-01 1.001157741336261564e+00
5.842663523865645470e-01 1.003688433591057194e+00
5.810253388332351498e-01 1.029554914025699430e+00
5.701237477902180162e-01 1.112435505670659630e+00
5.830878020035356046e-01 1.085279189488467022e+00
5.854449027695933783e-01 1.047982619089238732e+00
5.763111373011196026e-01 1.045374297043856426e+00
5.860341779611077939e-01 1.011006730444291124e+00
6.025338833235120983e-01 1.057370241950539969e+00
6.034177961107837218e-01 9.929220168029561089e-01
5.883912787271655676e-01 1.078141237006468023e+00
5.998821449616971169e-01 9.762745289241566704e-01
5.925162050677666992e-01 1.073831684449139789e+00
5.998821449616971169e-01 9.711692508529213841e-01
5.945786682380671540e-01 1.082054334528306017e+00
5.963464938126105119e-01 1.032270915368024067e+00
6.031231585150265140e-01 1.116665727951947407e+00
5.857395403653505861e-01 1.103695645051844032e+00
6.007660577489687403e-01 1.158570748918196669e+00
5.972304065998821354e-01 1.189857065677642822e+00
6.045963464938126641e-01 1.082977778771344379e+00
6.054802592810842876e-01 9.646749128313625299e-01
5.804360636417207342e-01 1.184079678619609055e+00
5.883912787271655676e-01 1.167897049118490793e+00
6.096051856216853082e-01 1.138091799090890310e+00
6.048909840895698720e-01 1.137441212640089239e+00
6.110783736004714584e-01 1.090929813244763569e+00
6.037124337065409296e-01 1.098347137956058317e+00
6.037124337065409296e-01 1.153321111903471197e+00
6.010606953447259482e-01 1.109303711091770950e+00
5.998821449616971169e-01 1.252710444085738173e+00
6.116676487919858740e-01 9.358527853208429281e-01
5.839717147908073391e-01 1.248390174963895038e+00
5.889805539186799832e-01 1.201043093905729497e+00
5.766057748968768104e-01 1.300625052522210501e+00
6.066588096641131189e-01 1.033157290781245408e+00
6.034177961107837218e-01 1.136685499373604191e+00
6.169711255156158369e-01 1.139310154844732859e+00
5.898644667059517177e-01 1.227933792506947341e+00
6.075427224513847424e-01 1.126842113102183518e+00
6.131408367707719131e-01 8.617098804782418187e-01
6.063641720683559111e-01 1.121625190272050654e+00
6.016499705362404748e-01 1.229169908691855051e+00
5.830878020035356046e-01 1.322505910606945223e+00
6.143193871538008555e-01 1.125400679952958116e+00
6.031231585150265140e-01 1.226042700164458266e+00
6.208014142604596497e-01 1.176981752409654414e+00
6.090159104301708926e-01 1.154233406571780973e+00
6.210960518562168575e-01 1.232056119862724675e+00
5.925162050677666992e-01 1.274847200688193904e+00
5.978196817913965511e-01 1.212710331468021208e+00
6.072480848556275346e-01 1.095095303128747366e+00
6.098998232174425160e-01 1.274590911234126267e+00
6.066588096641131189e-01 1.226357153233359920e+00
6.090159104301708926e-01 1.240456016624674973e+00
6.137301119622864398e-01 1.165266198270461073e+00
6.128461991750147053e-01 1.263056876028285203e+00
5.925162050677666992e-01 1.283721166498520860e+00
5.910430170889805490e-01 1.303657664972193153e+00
6.037124337065409296e-01 1.273175334229188715e+00
6.104890984089569317e-01 1.116198867559432983e+00
6.048909840895698720e-01 1.309480037759332083e+00
6.078373600471420612e-01 1.178310113794663438e+00
5.718915733647613742e-01 1.645151169861064133e+00
6.131408367707719131e-01 1.195529583622427561e+00
6.125515615792574975e-01 1.262477804632747835e+00
5.951679434295815696e-01 1.284631446880452721e+00
6.087212728344136847e-01 1.269200282938340196e+00
5.966411314083677198e-01 1.319255257354063238e+00
6.131408367707719131e-01 1.384644066586213862e+00
6.116676487919858740e-01 1.206580209381440172e+00
6.175604007071302526e-01 8.697367941631990451e-01
6.028285209192693062e-01 1.334194895099191092e+00
6.096051856216853082e-01 1.278290792423136146e+00
5.951679434295815696e-01 1.007749781889073937e+00
6.084266352386564769e-01 1.138398717431461149e+00
5.627578078962875985e-01 1.537704215330236046e+00
5.860341779611077939e-01 1.421909034252166748e+00
6.163818503241013103e-01 1.300679045564988146e+00
6.163818503241013103e-01 1.320009129888871202e+00
6.113730111962286662e-01 1.349813219378976248e+00
6.007660577489687403e-01 1.399126985493828190e+00
6.166764879198586291e-01 1.315011795829324148e+00
6.178550383028874604e-01 1.313667583114960680e+00
6.104890984089569317e-01 1.314585093189688303e+00
5.975250441956393432e-01 1.365449775667751497e+00
6.096051856216853082e-01 1.362806884681477371e+00
6.081319976428992691e-01 1.373342573642730713e+00
6.149086623453152711e-01 1.322266207021825402e+00
6.107837360047142505e-01 1.235914184766657264e+00
5.889805539186799832e-01 1.158070252222173302e+00
6.093105480259281004e-01 1.153849294956992733e+00
6.060695344725987033e-01 1.327671366579392442e+00
6.172657631113730448e-01 1.317636679200565153e+00
6.149086623453152711e-01 1.300504971952999300e+00
6.087212728344136847e-01 1.147686891696032330e+00
6.022392457277548905e-01 1.156829444801106277e+00
6.184443134944018761e-01 1.326915565659018137e+00
5.987035945786682856e-01 1.377403788706835552e+00
6.110783736004714584e-01 1.276059059535755935e+00
6.048909840895698720e-01 1.385430658564848150e+00
6.128461991750147053e-01 1.259019606253680035e+00
