3.299941072480848669e-01 1.093145268804886827e+00
3.299941072480848669e-01 1.089961195693296636e+00
3.479670005892752105e-01 1.079502316082225022e+00
3.641720683559221960e-01 1.067748132873983957e+00
3.800824985268120293e-01 1.063661417540382015e+00
4.269298762522097945e-01 1.054305308005389019e+00
4.183853859752504345e-01 1.050637630855336013e+00
4.413671184443134776e-01 1.036862219081205572e+00
4.793753682969946750e-01 1.027795405948863205e+00
5.070713022981732099e-01 1.015679054400500103e+00
4.976428992339422264e-01 1.008450988460989572e+00
5.294637595757218929e-01 9.879489207968992215e-01
5.662934590453742034e-01 9.670845340279972113e-01
5.583382439599292590e-01 9.634158067843493489e-01
5.595167943429582014e-01 9.498322255471173259e-01
6.384796700058927854e-01 9.198260675458347357e-01
5.842663523865645470e-01 9.291537509245031412e-01
6.723629935179729067e-01 8.944354583235347711e-01
8.235120801414260727e-01 8.827909038347356852e-01
7.519151443724219064e-01 8.582142907030442247e-01
9.119033588685916403e-01 8.392718486926135091e-01
9.007071302298172988e-01 8.389841107761158989e-01
8.815556865055981239e-01 8.325594137696659125e-01
9.387153800824985517e-01 8.062290268785813341e-01
9.345904537418974201e-01 8.043778205619138699e-01
9.502062463170301010e-01 8.004627701114205296e-01
9.322333529758397574e-01 7.903716704424690320e-01
9.484384207424867430e-01 7.645268790862139729e-01
9.472598703594579117e-01 7.673540746464448947e-01
9.678845020624631257e-01 7.386353278861326199e-01
9.684737772539776524e-01 7.372580784208634386e-01
9.643488509133765207e-01 7.293036685270422037e-01
9.587507365939893500e-01 7.176881432533264160e-01
9.502062463170301010e-01 7.266397458665511122e-01
9.614024749558043315e-01 6.964971984134000760e-01
9.720094284030642573e-01 6.921851512263802464e-01
9.616971125515615393e-01 6.869663157883811877e-01
9.575721862109605187e-01 6.713346838951110840e-01
9.590453741897465578e-01 6.600017670322867458e-01
9.611078373600471236e-01 6.603310301023370688e-01
9.540365350618739138e-01 6.836594308123868924e-01
9.725987035945786729e-01 6.484616907203898384e-01
9.637595757218621051e-01 6.387171727769515028e-01
9.711255156157925228e-01 6.252984071479124051e-01
9.643488509133765207e-01 6.396044492721557617e-01
9.784914555097230515e-01 6.377937004846685465e-01
9.513847967000589323e-01 6.494179718634661702e-01
9.593400117855038767e-01 6.101047852460075305e-01
9.723040659988214651e-01 5.884796941981595975e-01
9.767236299351796935e-01 6.075433106983408882e-01
9.711255156157925228e-01 5.877150419880362575e-01
9.717147908073070495e-01 5.977388655438142795e-01
9.711255156157925228e-01 5.970379534889670436e-01
9.584560989982321422e-01 5.851078506778267796e-01
9.658220388921626709e-01 5.765290751176721518e-01
9.572775486152033109e-01 5.820597778348362006e-01
9.670005892751915022e-01 5.676791965961456299e-01
9.572775486152033109e-01 5.574100964209612874e-01
9.216263995285798316e-01 5.891721266157486925e-01
9.637595757218621051e-01 5.452972650527954102e-01
9.652327637006482552e-01 5.449666161747539483e-01
9.425456688273423644e-01 5.575892644770005235e-01
9.569829110194461030e-01 5.096296878422007515e-01
9.437242192103711957e-01 5.509423262932721110e-01
9.431349440188567801e-01 5.557049039532157009e-01
9.611078373600471236e-01 5.257626132053487833e-01
9.519740718915733479e-01 5.206028424641665486e-01
9.219210371243370394e-01 5.278281665900174113e-01
9.183853859752504345e-01 5.034840238444945326e-01
9.360636417206835702e-01 4.971164578900617581e-01
8.585739540365350253e-01 5.467995019520029976e-01
9.086623453152622432e-01 5.162893831729888916e-01
8.865645256334708790e-01 5.153883073259802883e-01
9.145550972304066217e-01 4.865989281850702786e-01
8.406010606953446818e-01 5.257534533739089966e-01
9.177961107837360188e-01 4.691301873501609321e-01
8.865645256334708790e-01 4.880776379038305746e-01
8.874484384207425025e-01 4.806624466882032376e-01
8.550383028874484204e-01 5.111854803912779799e-01
8.185032410135533176e-01 5.179484407691394843e-01
8.709487330583381981e-01 4.801490859073750950e-01
8.134944018856805625e-01 5.075915175325730333e-01
9.110194460813200168e-01 4.360395582283244642e-01
8.532704773129051734e-01 4.971050847979152643e-01
8.164407778432527518e-01 5.144772257874993260e-01
9.045374189746611115e-01 4.149242981391794705e-01
8.155568650559811283e-01 4.960798200439004435e-01
8.641720683559221960e-01 4.500306949895970798e-01
8.750736593989393297e-01 4.543970271068460964e-01
8.226281673541543382e-01 4.764778850709690539e-01
8.037713612256923712e-01 4.983049736303441501e-01
8.129051266941661469e-01 4.847768992185592651e-01
8.020035356511491242e-01 4.904427519615958686e-01
8.438420742486740789e-01 4.521396659752902059e-01
8.179139658220389020e-01 4.592976736671784410e-01
8.721272834413671404e-01 4.221543660935233588e-01
8.093694755450795419e-01 4.850038456566193590e-01
8.585739540365350253e-01 4.308180248036104221e-01
8.467884502062462682e-01 4.480501956799450847e-01
8.547436652916912125e-01 4.136556290528353719e-01
8.456098998232174369e-01 4.154620678985820326e-01
8.120212139068945234e-01 4.623338273342917915e-01
7.793164407778432334e-01 5.312364057582967813e-01
8.768414849734825767e-01 4.060960657456341716e-01
8.040659988214495790e-01 4.666705823996487590e-01
7.695934001178550421e-01 5.170435142867705336e-01
8.058338243959929370e-01 4.590212913120494398e-01
8.176193282262816941e-01 4.550354454447241292e-01
8.768414849734825767e-01 3.648812437758726102e-01
7.504419563936358673e-01 5.657826504286598279e-01
8.391278727165586426e-01 4.038702267057755479e-01
8.624042427813789491e-01 3.878035545349121094e-01
8.143783146729522970e-01 4.443097956040326091e-01
8.535651149086623812e-01 3.808962983243605604e-01
8.892162639952857495e-01 3.342621545581256903e-01
8.426635238656452476e-01 3.902445058612262763e-01
7.934590453741897642e-01 4.850669748642865153e-01
8.382439599292870192e-01 3.887896993580986504e-01
8.588685916322922331e-01 4.134326130151748657e-01
8.464938126104890603e-01 3.782836207572151666e-01
8.403064230995874739e-01 3.686436388422461019e-01
8.294048320565704513e-01 4.165637195110321045e-01
8.211549793753682991e-01 4.353490261470570055e-01
7.704773129051266656e-01 5.446626096963882446e-01
8.052445492044785214e-01 4.455481110250248400e-01
8.002357100766057663e-01 4.567784710842020535e-01
8.500294637595757763e-01 3.567561121547923597e-01
8.332351208014142641e-01 3.988180905580520630e-01
8.152622274602239205e-01 4.281351645203197442e-01
8.102533883323511654e-01 4.211570830906138929e-01
8.411903358868592084e-01 3.771898062790141615e-01
7.103712433706540486e-01 6.494965202668133708e-01
8.025928108426635399e-01 4.899856001138687134e-01
7.902180318208603671e-01 4.820644461056765584e-01
7.622274602239246244e-01 5.797549705295002020e-01
8.423688862698880397e-01 3.585726741482229696e-01
8.668238067177371775e-01 3.399647824904498128e-01
8.974661166764879017e-01 3.009996335296070136e-01
7.492634060106069249e-01 5.674461292869904527e-01
7.955215085444903300e-01 5.080379335319294976e-01
7.510312315851502829e-01 5.763444655081805257e-01
8.456098998232174369e-01 3.501251164604635702e-01
8.588685916322922331e-01 3.673196417443892470e-01
7.908073070123747828e-01 5.013157514964833306e-01
8.093694755450795419e-01 4.399338382131913194e-01
7.843252799057159885e-01 5.084398082073997571e-01
8.046552740129641057e-01 4.671833541463403239e-01
9.051266941661756382e-01 2.895743364796918851e-01
8.700648202710665746e-01 3.573056937140576816e-01
7.601649970536240586e-01 5.990521942867952365e-01
8.134944018856805625e-01 4.296992377323262668e-01
8.420742486741308319e-01 3.732089873622445597e-01
8.417796110783736241e-01 3.727361555485164679e-01
8.464938126104890603e-01 3.450497366926249532e-01
8.146729522687095049e-01 4.394292489570729709e-01
4.720094284030642573e-01 1.526620230254005062e+00
7.875662934590453856e-01 5.098968560204786282e-01
8.099587507365939576e-01 4.473569489577237102e-01
7.486741308190925093e-01 5.942522559095831935e-01
7.309958750736593736e-01 6.321003770127016086e-01
8.379493223335298113e-01 3.682392423643785495e-01
8.314672952268709061e-01 3.873816001064637193e-01
8.294048320565704513e-01 4.230308445060954603e-01
8.786093105480259347e-01 3.298067976446712457e-01
8.845020624631703132e-01 2.923016837414573188e-01
6.573364761343547524e-01 9.260142989018383952e-01
9.018856806128462411e-01 3.013382865225567309e-01
8.005303476723629741e-01 4.742022884242674818e-01
8.267530936947554698e-01 4.136786250507130114e-01
7.899233942251031593e-01 4.995793542441199775e-01
7.793164407778432334e-01 5.580800491220810899e-01
7.875662934590453856e-01 5.257913803353029270e-01
7.981732469063052005e-01 4.985909663579043416e-01
8.414849734826164163e-01 4.159307278254452678e-01
8.093694755450795419e-01 4.677168858401915541e-01
8.058338243959929370e-01 4.967129598645603217e-01
6.738361814967589458e-01 8.811797236695009250e-01
8.491455509723040418e-01 3.555646061020739102e-01
8.326458456098998484e-01 3.882927324842004313e-01
8.662345315262227619e-01 3.592800594428006145e-01
8.114319387153801078e-01 5.149367074756061591e-01
8.461991750147318525e-01 3.436059399562723660e-01
9.015910430170890333e-01 2.802567701129352606e-01
7.972893341190335770e-01 5.040225185015622111e-01
8.350029463759576220e-01 3.848875143072184590e-01
8.373600471420152846e-01 3.657274658189100247e-01
7.884502062463170091e-01 5.536816269159317017e-01
8.196817913965821489e-01 4.391992206082624417e-01
8.512080141426046076e-01 3.886571789489072781e-01
7.681202121390688919e-01 6.269392800681731215e-01
7.722451384796700236e-01 5.955812072052675266e-01
7.869770182675309700e-01 5.304895630654167249e-01
8.647613435474366117e-01 3.752936808501972643e-01
7.737183264584560627e-01 5.787508426343693779e-01
7.964054213317619535e-01 4.992024880998274794e-01
9.354743665291691546e-01 1.896048462127938039e-01
8.727165586328815561e-01 3.511542629669694437e-01
8.238067177371832805e-01 4.315563387730542155e-01
8.008249852681201819e-01 5.027416085495668430e-01
8.161461402474955440e-01 4.566476809627869615e-01
