3.506187389510901364e-01 1.116116667495054449e+00
3.503241013553329286e-01 1.109486495747285639e+00
3.515026517383618154e-01 1.102783220655777940e+00
3.515026517383618154e-01 1.100601620533887104e+00
3.515026517383618154e-01 1.089880270116469374e+00
3.517972893341190233e-01 1.094214779489180556e+00
3.556275780789628915e-01 1.071323107270633512e+00
3.544490276959340047e-01 1.069220914560205848e+00
3.621096051856216858e-01 1.063391888842863287e+00
3.924572775486152021e-01 1.052272565224591450e+00
4.487330583382439508e-01 1.045191025032716547e+00
4.861520329994107326e-01 1.030086920541875450e+00
5.029463759575721893e-01 1.020828064750222586e+00
4.890984089569829218e-01 1.016315472476622572e+00
5.748379493223335635e-01 9.928806827348821695e-01
5.939893930465527383e-01 9.873836198273826525e-01
6.349440188568061805e-01 9.680831555057974880e-01
6.034177961107837218e-01 9.687287176356595975e-01
6.319976428992339912e-01 9.655361403437221490e-01
6.414260459634649747e-01 9.507035279975217801e-01
6.414260459634649747e-01 9.391618616440716716e-01
6.426045963464938060e-01 9.386072824983036078e-01
6.405421331761932402e-01 9.275036594446968152e-01
6.399528579846788245e-01 9.184844020534964626e-01
6.140247495580436476e-01 9.041689388892230062e-01
6.128461991750147053e-01 8.984665923258837728e-01
6.007660577489687403e-01 8.941689466728883762e-01
6.043017088980553453e-01 8.856704620754017876e-01
6.131408367707719131e-01 8.809309268698972684e-01
6.081319976428992691e-01 8.763863707289976102e-01
6.060695344725987033e-01 8.642219164792228625e-01
5.945786682380671540e-01 8.690105220850776746e-01
5.954625810253388885e-01 8.611462607103235189e-01
6.122569239835002897e-01 8.525672888054567355e-01
5.963464938126105119e-01 8.572254531523760823e-01
5.742486741308191478e-01 8.425030480412876166e-01
5.542133176193282385e-01 8.440627964103922798e-01
6.549793753682969788e-01 8.257851986324086235e-01
5.883912787271655676e-01 8.301807554329142524e-01
5.774896876841485449e-01 8.268993724794948541e-01
6.467295226870948266e-01 8.159623075934017145e-01
6.275780789628756517e-01 8.109998492633595513e-01
6.319976428992339912e-01 8.151444126577938043e-01
6.275780789628756517e-01 8.049647001659169243e-01
6.944608131997642708e-01 7.897488509907442111e-01
6.355332940483205961e-01 7.988488148240482367e-01
6.543901001767825631e-01 7.867168345872093127e-01
6.358279316440778040e-01 7.855803247760323460e-01
6.240424278137890468e-01 7.909578242722679065e-01
6.213906894519740653e-01 7.821967356345232991e-01
6.484973482616381846e-01 7.753261415397419976e-01
6.193282262816734995e-01 7.799817306153914442e-01
6.175604007071302526e-01 7.770119274363798123e-01
6.193282262816734995e-01 7.718954507042380397e-01
6.293459045374190097e-01 7.747204742010902478e-01
6.172657631113730448e-01 7.741583673393025444e-01
6.258102533883324048e-01 7.596117240541121474e-01
6.240424278137890468e-01 7.736030957278083875e-01
6.193282262816734995e-01 7.816130291013156928e-01
6.219799646434884810e-01 7.810092252843520155e-01
6.222746022392456888e-01 7.761978226549485216e-01
6.149086623453152711e-01 7.845994076308082654e-01
6.043017088980553453e-01 7.985414810040417644e-01
6.149086623453152711e-01 8.069410902612349501e-01
6.149086623453152711e-01 8.328446360195383980e-01
6.081319976428992691e-01 8.131915804217842991e-01
6.098998232174425160e-01 8.321566546664518338e-01
6.154979375368296868e-01 8.254566455588621121e-01
6.143193871538008555e-01 8.328744102926814996e-01
6.154979375368296868e-01 8.179411134299110486e-01
6.140247495580436476e-01 8.273999480640187310e-01
6.075427224513847424e-01 8.305233278695274279e-01
6.128461991750147053e-01 8.102807297426111166e-01
6.075427224513847424e-01 8.593908127616433079e-01
6.087212728344136847e-01 8.334979187039768256e-01
6.116676487919858740e-01 8.540190545951619194e-01
6.087212728344136847e-01 8.185930532567641249e-01
6.072480848556275346e-01 8.615103907444897624e-01
6.143193871538008555e-01 8.849835027666652643e-01
6.101944608131997239e-01 8.630222345099729520e-01
6.181496758986446682e-01 8.509876850773306911e-01
6.163818503241013103e-01 8.212885225520414334e-01
6.219799646434884810e-01 8.572490758755627605e-01
6.334708308780200303e-01 8.327694272293764133e-01
6.461402474955804109e-01 8.748138283981996555e-01
6.116676487919858740e-01 8.228089423740611030e-01
6.473187978786093533e-01 8.112821859471938124e-01
6.375957572186210509e-01 8.692192803410923041e-01
6.048909840895698720e-01 8.446629625909468642e-01
6.381850324101355776e-01 8.454221627291511609e-01
6.428992339422510138e-01 8.784445489154142361e-01
6.440777843252799562e-01 9.121402607244604166e-01
6.570418385385975446e-01 9.042406853507546360e-01
6.464348850913376188e-01 8.892958041499642308e-01
6.479080730701237689e-01 8.619162703261655789e-01
6.390689451974072011e-01 8.292067822288063939e-01
6.157925751325868946e-01 8.165521954788881320e-01
6.443724219210371640e-01 8.365827027489157741e-01
6.549793753682969788e-01 8.751933732453514025e-01
6.479080730701237689e-01 8.421041211661171033e-01
6.490866234531526002e-01 8.806840970235711996e-01
6.593989393046553182e-01 8.892381366561440403e-01
6.620506776664701887e-01 8.374494524563059761e-01
6.540954625810253553e-01 8.656195016468272163e-01
6.593989393046553182e-01 9.645097010275897054e-01
6.623453152622275075e-01 8.472522076438454564e-01
6.532115497937537318e-01 9.081237263539257976e-01
6.635238656452563388e-01 8.876938136184916450e-01
6.591043017088981104e-01 9.194313182550317709e-01
6.576311137301119603e-01 8.515602420358097113e-01
6.593989393046553182e-01 9.186400911387275769e-01
6.626399528579847154e-01 8.571683676803812935e-01
6.658809664113141125e-01 8.392803756629719780e-01
6.540954625810253553e-01 8.287415714824900581e-01
6.652916912197996968e-01 9.135551452636718750e-01
6.555686505598113945e-01 8.323451596147873888e-01
6.673541543901001516e-01 8.434861495214349691e-01
6.128461991750147053e-01 8.167048429741579074e-01
6.623453152622275075e-01 9.360723723383510553e-01
6.599882144961697339e-01 9.691415499238407172e-01
6.652916912197996968e-01 8.838741779327392578e-01
6.546847377725397710e-01 9.232502194011912300e-01
6.340601060695344460e-01 7.582971664036021187e-01
6.685327047731290939e-01 8.156443729120141928e-01
6.658809664113141125e-01 8.426932394504547119e-01
6.644077784325279623e-01 8.753653834847843207e-01
6.378903948143783698e-01 1.286009136368246653e+00
6.647024160282851701e-01 8.974969912977779352e-01
6.617560400707129808e-01 1.017007349168553176e+00
6.652916912197996968e-01 8.899476282736834554e-01
6.605774896876841495e-01 8.807973703917335584e-01
6.549793753682969788e-01 8.755038643584531766e-01
6.635238656452563388e-01 9.453185323406668727e-01
6.614614024749557730e-01 9.076273371191585504e-01
6.652916912197996968e-01 9.045992230667787570e-01
6.641131408367707545e-01 9.159217844991123236e-01
6.602828520919269417e-01 9.746760375359478923e-01
6.611667648791985652e-01 9.824090039028841037e-01
6.644077784325279623e-01 8.755688509520362928e-01
6.546847377725397710e-01 9.855108944808735894e-01
6.644077784325279623e-01 8.971601584378410266e-01
6.605774896876841495e-01 9.239468311562257785e-01
6.700058927519151331e-01 8.735636490232804308e-01
6.325869180907484068e-01 9.049270696499768230e-01
6.814967589864466824e-01 7.814296185970306396e-01
6.764879198585739273e-01 7.903744964038624810e-01
6.561579257513259211e-01 1.011109245174071303e+00
6.694166175604007174e-01 8.403529507272383681e-01
6.617560400707129808e-01 8.904148533063775961e-01
6.632292280494991310e-01 8.977114190073574029e-01
6.593989393046553182e-01 9.535747608717750623e-01
6.626399528579847154e-01 9.912429960335001899e-01
6.700058927519151331e-01 8.592156820437487630e-01
6.293459045374190097e-01 8.709720408215242404e-01
6.001767825574543247e-01 1.397706284242517860e+00
6.596935769004125261e-01 9.926733584964976265e-01
6.647024160282851701e-01 9.292917163933024360e-01
6.596935769004125261e-01 1.113943722318200491e+00
6.626399528579847154e-01 8.689368542502907689e-01
6.641131408367707545e-01 9.317004347548765164e-01
6.638185032410135467e-01 1.028590218109243004e+00
6.596935769004125261e-01 9.896034931435304660e-01
6.284619917501472752e-01 1.102804487242418086e+00
6.629345904537419232e-01 9.045700080254498454e-01
6.635238656452563388e-01 1.000626523705089754e+00
6.529169121979964130e-01 1.120940588852938458e+00
6.596935769004125261e-01 9.570078709546256945e-01
6.632292280494991310e-01 9.298651937176199977e-01
6.588096641131407916e-01 1.086215995690401837e+00
6.617560400707129808e-01 1.005843984730103502e+00
6.611667648791985652e-01 9.435356750207788412e-01
6.585150265173835837e-01 1.176420662332983591e+00
6.626399528579847154e-01 9.114410263650557509e-01
6.641131408367707545e-01 9.104776873308069174e-01
6.178550383028874604e-01 1.068807165412341886e+00
6.626399528579847154e-01 9.589298683054306993e-01
6.591043017088981104e-01 9.833078401930192003e-01
6.638185032410135467e-01 1.023726798155728535e+00
6.069534472598703267e-01 1.057660202769672209e+00
6.579257513258691681e-01 1.131606996059417725e+00
6.673541543901001516e-01 8.879475225420558893e-01
6.599882144961697339e-01 9.933652211638057672e-01
6.623453152622275075e-01 9.197690241477068929e-01
6.375957572186210509e-01 1.207359794308157541e+00
6.602828520919269417e-01 9.142847499426673963e-01
6.632292280494991310e-01 9.196117818355560303e-01
5.453741897466116706e-01 1.760330655995537175e+00
6.623453152622275075e-01 9.294195666032678549e-01
6.552740129640541866e-01 1.085559157764210525e+00
6.511490866234531660e-01 1.166296296259936138e+00
6.588096641131407916e-01 1.010448142009622963e+00
6.620506776664701887e-01 9.386685245177325276e-01
6.317030053034766723e-01 1.214887091342140568e+00
6.582203889216263759e-01 1.040360555929296105e+00
6.626399528579847154e-01 9.404954805093652670e-01
6.732469063052445302e-01 8.514422195799210558e-01
6.582203889216263759e-01 1.129721958847606844e+00
6.614614024749557730e-01 1.010536514660891338e+00
6.582203889216263759e-01 1.080648494117400160e+00
6.599882144961697339e-01 9.314123479758992241e-01
