2.486741308190925093e-01 1.136537334498237239e+00
2.545668827342368878e-01 1.146109005984138118e+00
2.949322333529758589e-01 1.142933449324439632e+00
3.347083087802003587e-01 1.134408554610084163e+00
3.523865645256334944e-01 1.133996269282172786e+00
3.977607542722451650e-01 1.128043192274430284e+00
3.697701826753093668e-01 1.127447152838987554e+00
3.665291691219799697e-01 1.131745548809275803e+00
3.709487330583382536e-01 1.130443341591778950e+00
3.677077195050088565e-01 1.141497580444111648e+00
3.774307601649970478e-01 1.137231311377357112e+00
3.783146729522687268e-01 1.144951711682712370e+00
3.680023571007660643e-01 1.157778498004464529e+00
3.727165586328815561e-01 1.166238048497368229e+00
3.762522097819681610e-01 1.164080998476813900e+00
4.151443724219210374e-01 1.164785460514180748e+00
3.951090159104301835e-01 1.179604505791383540e+00
4.024749558043606568e-01 1.192332667462965956e+00
4.278137890394814180e-01 1.184075204765095535e+00
4.254566882734236999e-01 1.210437679992002691e+00
4.416617560400706854e-01 1.188265057171092209e+00
4.242781378903948131e-01 1.230345631346983160e+00
4.466705951679434405e-01 1.224578152684604460e+00
4.278137890394814180e-01 1.259051193209255404e+00
4.528579846788450269e-01 1.217388065422282395e+00
4.360636417206835702e-01 1.226713475059060476e+00
4.298762522097819838e-01 1.280328326365526959e+00
4.437242192103712513e-01 1.248540278743295096e+00
4.481437831467295352e-01 1.236839823863085552e+00
4.522687094873305558e-01 1.248196111005895226e+00
4.519740718915733479e-01 1.249464217354269602e+00
4.546258102533883294e-01 1.262951482744777865e+00
4.531526222746022348e-01 1.257606688667746164e+00
4.528579846788450269e-01 1.254268751424901573e+00
4.546258102533883294e-01 1.250864877420313270e+00
4.572775486152033109e-01 1.248506090220283138e+00
4.543311726576311216e-01 1.288155552218942068e+00
4.540365350618739138e-01 1.289842374184552387e+00
4.614024749558043870e-01 1.240299929590786165e+00
4.625810253388332183e-01 1.233997874400194927e+00
4.599292869770182923e-01 1.239741069429060927e+00
4.696523276370064837e-01 1.174896382233675762e+00
4.678845020624631812e-01 1.207910867298350510e+00
4.675898644667059734e-01 1.183240084087147537e+00
4.678845020624631812e-01 1.214417936170802292e+00
4.667059516794342944e-01 1.191763706067029194e+00
4.678845020624631812e-01 1.213966001482570833e+00
4.678845020624631812e-01 1.192893862724304199e+00
4.678845020624631812e-01 1.180653358207029546e+00
4.678845020624631812e-01 1.194117602180032156e+00
4.678845020624631812e-01 1.131789996343500526e+00
4.684737772539775968e-01 1.143873686299604620e+00
4.678845020624631812e-01 1.126325842212228201e+00
4.678845020624631812e-01 1.151966996052685932e+00
4.734826163818502964e-01 1.134067630066591059e+00
4.725987035945786729e-01 1.091203593155916973e+00
4.908662345315262243e-01 1.054825877442079340e+00
4.678845020624631812e-01 1.151630205266615858e+00
4.885091337654684507e-01 1.046054417596143926e+00
4.832056570418385433e-01 1.069784760475158691e+00
4.779021803182085804e-01 1.081363890100927927e+00
4.861520329994107326e-01 1.060022313805187411e+00
4.905715969357690165e-01 1.047251375282511887e+00
5.247495580436063456e-01 9.993861966273364095e-01
4.787860931054802593e-01 1.100275981075623521e+00
5.044195639363582284e-01 1.042846495614332403e+00
5.106069534472599258e-01 9.932058769113877306e-01
5.436063641720683126e-01 9.821011914926416342e-01
5.220978196817913641e-01 1.010223507881164551e+00
5.397760754272244998e-01 9.736650375758900688e-01
5.170889805539187201e-01 1.000162738211014757e+00
5.194460813199763827e-01 9.978194149101481392e-01
5.439010017678255204e-01 9.745349901563981065e-01
5.468473777253977097e-01 9.553311905440162732e-01
5.433117265763111048e-01 9.494574683554032335e-01
5.427224513847966891e-01 9.828000717303332356e-01
5.674720094284030347e-01 9.362200761542600613e-01
5.854449027695933783e-01 9.094787064720603054e-01
5.592221567472009935e-01 9.584484223057242458e-01
5.730701237477902055e-01 9.511528681306278266e-01
5.889805539186799832e-01 8.924758767380434055e-01
5.745433117265763556e-01 9.311016938265632703e-01
5.854449027695933783e-01 8.954912616926080648e-01
5.963464938126105119e-01 8.960030482095830973e-01
5.798467884502062075e-01 8.933312016374924669e-01
5.904537418974661334e-01 8.848293791798984564e-01
5.916322922804949647e-01 9.126669641803292210e-01
5.824985268120211890e-01 9.334482042228474663e-01
5.951679434295815696e-01 8.687372190110823622e-01
6.010606953447259482e-01 8.654295784585616103e-01
6.093105480259281004e-01 8.576727264067706136e-01
6.455509723040659953e-01 8.630796618321362468e-01
5.992928697701827012e-01 8.749550773816949789e-01
5.898644667059517177e-01 8.852740666445564344e-01
5.919269298762521725e-01 8.772091339616214789e-01
6.225692398350028967e-01 8.677845825167262994e-01
5.951679434295815696e-01 8.620882437509649332e-01
6.072480848556275346e-01 8.396870178334853163e-01
6.054802592810842876e-01 8.727771534639245932e-01
5.878020035356511519e-01 8.476541147512548502e-01
5.925162050677666992e-01 8.615670361939598010e-01
5.978196817913965511e-01 8.660904922906089709e-01
5.854449027695933783e-01 8.925704377539017687e-01
5.907483794932233412e-01 8.561622517950394640e-01
6.140247495580436476e-01 8.541611257721396511e-01
5.662934590453742034e-01 9.969864207155564317e-01
5.963464938126105119e-01 8.818689602262833604e-01
6.149086623453152711e-01 8.587175362250384358e-01
5.836770771950501313e-01 8.752318901174208632e-01
6.152032999410724790e-01 8.638132495038649550e-01
6.063641720683559111e-01 9.237956369624418240e-01
6.119622863877430818e-01 8.970949965364792833e-01
5.989982321744254934e-01 9.161445708835825874e-01
5.925162050677666992e-01 9.551441529217887805e-01
6.116676487919858740e-01 8.669270732823539660e-01
6.184443134944018761e-01 8.880024306914385823e-01
6.384796700058927854e-01 8.755683741148780896e-01
6.022392457277548905e-01 9.193747779902290418e-01
6.078373600471420612e-01 9.557378362206851996e-01
6.591043017088981104e-01 8.877309841268202772e-01
5.824985268120211890e-01 1.019104454447241404e+00
6.122569239835002897e-01 8.931750269497141792e-01
6.078373600471420612e-01 9.114551912335788764e-01
6.081319976428992691e-01 9.255449333611656115e-01
5.925162050677666992e-01 1.025791622260037617e+00
6.010606953447259482e-01 9.243409318082472792e-01
6.266941661756040283e-01 9.617257468840655354e-01
6.134354743665291210e-01 9.459050525637233697e-01
6.166764879198586291e-01 9.566033535143908528e-01
5.951679434295815696e-01 1.038604852031258963e+00
5.925162050677666992e-01 1.019259675460703285e+00
5.878020035356511519e-01 1.095546583918964201e+00
4.605185621685327080e-01 1.348448855035445204e+00
5.963464938126105119e-01 1.021441901431364263e+00
6.001767825574543247e-01 1.015999674797058105e+00
5.883912787271655676e-01 1.061335726695902260e+00
6.367118444313494274e-01 9.325932334451114691e-01
5.892751915144371910e-01 1.132294095614377216e+00
6.081319976428992691e-01 1.027593951014911466e+00
6.140247495580436476e-01 1.010156266829546734e+00
6.031231585150265140e-01 1.045754858676124943e+00
5.671773718326458269e-01 1.158854126930236816e+00
5.665880966411314112e-01 1.190633610767476647e+00
5.707130229817324318e-01 1.080539533320595158e+00
5.733647613435474133e-01 1.111456059357699200e+00
6.143193871538008555e-01 1.011026848764980501e+00
6.423099587507365982e-01 1.148302742663551701e+00
5.866234531526223206e-01 1.067319919081295199e+00
5.212139068945197407e-01 1.309061593869153217e+00
5.916322922804949647e-01 1.135403466575285902e+00
5.624631703005303907e-01 1.191681989852119816e+00
6.243370654095462546e-01 1.032483404173570429e+00
5.942840306423099461e-01 1.150972809861688040e+00
5.114908662345315493e-01 1.285655593170839106e+00
5.951679434295815696e-01 1.087598835720735346e+00
6.037124337065409296e-01 1.024973194388782316e+00
5.424278137890394813e-01 1.279539104770211599e+00
5.050088391278727551e-01 1.371279646368587679e+00
4.837949322333529589e-01 1.290599142803865229e+00
5.126694166175603806e-01 1.436670040383058344e+00
4.593400117855038212e-01 1.491731661207535753e+00
5.963464938126105119e-01 1.121632646111881071e+00
6.196228638774307074e-01 1.118888719993479164e+00
5.559811431938714854e-01 1.333051741123199463e+00
5.751325869180907713e-01 1.147943535271812809e+00
5.226870948733057798e-01 1.275165396578171739e+00
6.246317030053034625e-01 1.088345485575058946e+00
5.683559222156747692e-01 1.287170645068673513e+00
5.928108426635239070e-01 1.270036304698271001e+00
5.898644667059517177e-01 1.203679160160176842e+00
5.430170889805538970e-01 1.367705632658565706e+00
4.734826163818502964e-01 1.475256891811595139e+00
5.795521508544489997e-01 1.152891770881764977e+00
5.795521508544489997e-01 1.242178652216406443e+00
5.518562168532704648e-01 1.356406362617716965e+00
6.087212728344136847e-01 1.209076550076989554e+00
4.755450795521508622e-01 1.527730440392213618e+00
5.736593989393046211e-01 1.264359696823007972e+00
3.948143783146729757e-01 2.011247417506049739e+00
6.028285209192693062e-01 1.116200871327344135e+00
5.418385385975250657e-01 1.443975546780754460e+00
5.536240424278138228e-01 1.334232845727135075e+00
4.764289923394224857e-01 1.501279336564681044e+00
5.769004124926340182e-01 1.293658512480118761e+00
5.648202710665880533e-01 1.293963537496678917e+00
4.702416028285208993e-01 1.560077670742483713e+00
4.944018856806128293e-01 1.553725267157835210e+00
4.631703005303476894e-01 1.569135297747219271e+00
5.574543311726576356e-01 1.467124728595509353e+00
4.640542133176193129e-01 1.584494657376233295e+00
5.568650559811432199e-01 1.437058368149925602e+00
5.721862109605185820e-01 1.321443790898603643e+00
5.860341779611077939e-01 1.243128489045535856e+00
4.640542133176193129e-01 1.658548050067004009e+00
5.692398350029463927e-01 1.346118022413814730e+00
5.300530347672363085e-01 1.439094410223119347e+00
5.583382439599292590e-01 1.467290075386271653e+00
5.754272245138479791e-01 1.359406583449419781e+00
5.754272245138479791e-01 1.261279298978693397e+00
5.739540365350618289e-01 1.385855492423562429e+00
