3.126104890984089391e-01 1.107499410124386019e+00
4.419563936358279488e-01 1.094525701859418110e+00
5.601060695344726170e-01 1.072757973390467079e+00
5.745433117265763556e-01 1.061911582946777344e+00
5.804360636417207342e-01 1.039010980549980534e+00
5.344725987035945369e-01 1.028346010867287053e+00
5.592221567472009935e-01 1.014517012764425852e+00
5.833824395992929235e-01 9.937326241942012750e-01
5.589275191514436747e-01 9.805774373166701308e-01
5.931054802592811148e-01 9.677075848859899576e-01
5.751325869180907713e-01 9.573329476749196099e-01
5.568650559811432199e-01 9.386087165159338053e-01
5.627578078962875985e-01 9.305088397334603245e-01
5.503830288744844257e-01 9.112551054533790662e-01
5.718915733647613742e-01 8.985859523801242865e-01
5.580436063641720512e-01 8.751261584899004964e-01
5.739540365350618289e-01 8.683331889264723769e-01
5.922215674720093803e-01 8.599033811513114856e-01
5.883912787271655676e-01 8.348233331652248346e-01
5.698291101944608084e-01 8.280450193321003960e-01
5.639363582793164298e-01 8.192830401308396349e-01
5.939893930465527383e-01 7.998559562598958061e-01
5.792575132586917919e-01 7.956957010661854790e-01
5.807307012374779420e-01 7.890826586414786403e-01
5.713022981732469585e-01 7.801445547272177761e-01
5.777843252799057527e-01 7.716019591864418103e-01
5.630524454920448063e-01 7.623318311046151097e-01
5.621685327047731828e-01 7.695389652953428250e-01
5.922215674720093803e-01 7.566798820215112631e-01
6.013553329404831560e-01 7.495119063293232964e-01
5.556865055981142776e-01 7.498430749949287488e-01
5.713022981732469585e-01 7.461914683089536648e-01
5.615792575132586562e-01 7.428034421275643284e-01
5.745433117265763556e-01 7.380523944602292996e-01
5.824985268120211890e-01 7.370092044858371771e-01
5.698291101944608084e-01 7.293728905565598497e-01
5.789628756629345840e-01 7.343201689860400228e-01
5.621685327047731828e-01 7.391446337980382975e-01
5.636417206835592220e-01 7.306412300642799451e-01
5.960518562168533041e-01 7.187311982407289523e-01
5.630524454920448063e-01 7.232787083177005805e-01
5.674720094284030347e-01 7.242917558726142957e-01
5.609899823217442405e-01 7.295699487714206732e-01
5.819092516205067733e-01 7.158127356978023492e-01
5.771950500883912261e-01 7.172348744728985759e-01
5.824985268120211890e-01 7.162682887385872776e-01
5.783736004714201684e-01 7.207762458745170520e-01
5.866234531526223206e-01 7.129595367347493218e-01
5.733647613435474133e-01 7.115466770003823216e-01
5.960518562168533041e-01 7.169711467097786839e-01
5.824985268120211890e-01 7.230401267023647272e-01
5.839717147908073391e-01 7.190031777409946478e-01
5.530347672362994071e-01 7.288215984316432916e-01
5.713022981732469585e-01 7.176988685832303982e-01
5.833824395992929235e-01 7.210456062765682184e-01
5.801414260459634153e-01 7.193384503617006320e-01
5.736593989393046211e-01 7.287640185917124702e-01
5.922215674720093803e-01 7.133311226087457602e-01
5.721862109605185820e-01 7.402066921486574191e-01
5.878020035356511519e-01 7.460358896676231311e-01
5.771950500883912261e-01 7.227375437231624566e-01
5.872127283441367362e-01 7.274489578078774388e-01
5.721862109605185820e-01 7.348272660199333117e-01
5.839717147908073391e-01 7.286881892120137261e-01
5.810253388332351498e-01 7.419523737009834363e-01
5.995875073659399090e-01 7.367833432029274876e-01
5.948733058338243618e-01 7.281402892926159831e-01
5.907483794932233412e-01 7.214028169127071344e-01
6.037124337065409296e-01 7.252485734574934950e-01
6.057748968768414954e-01 7.305366624804103814e-01
6.013553329404831560e-01 7.564273038331199572e-01
5.995875073659399090e-01 7.489024242934059217e-01
6.034177961107837218e-01 7.346159605418934868e-01
6.007660577489687403e-01 7.596967062529396131e-01
6.166764879198586291e-01 7.237468922839445096e-01
6.048909840895698720e-01 7.632884505917044704e-01
6.131408367707719131e-01 7.382227760903975478e-01
6.116676487919858740e-01 7.510135752313277235e-01
6.090159104301708926e-01 7.819682762903326090e-01
6.246317030053034625e-01 7.072189643102533285e-01
6.122569239835002897e-01 7.832647807457867595e-01
6.219799646434884810e-01 7.557571705649880345e-01
6.222746022392456888e-01 7.494517652427449272e-01
6.243370654095462546e-01 7.591534695204567029e-01
6.317030053034766723e-01 7.317752347272985514e-01
6.325869180907484068e-01 7.378480048740611030e-01
6.287566293459044831e-01 7.624387337880975668e-01
6.322922804949911990e-01 7.476947325117447862e-01
6.231585150265174233e-01 7.994871858288260524e-01
6.346493812610488616e-01 7.499110383145949354e-01
6.317030053034766723e-01 7.620190574842340414e-01
6.476134354743665611e-01 7.365167614291695530e-01
6.319976428992339912e-01 7.543771144221810276e-01
6.337654684737772381e-01 7.765715315061456625e-01
6.269888037713612361e-01 8.133983401691212700e-01
6.393635827931644089e-01 7.533325623063480414e-01
6.311137301119622567e-01 8.048929063712849663e-01
6.517383618149675817e-01 7.189698219299316406e-01
6.337654684737772381e-01 8.102588863933787300e-01
6.337654684737772381e-01 8.254894368788775472e-01
6.405421331761932402e-01 7.777014094240525255e-01
6.314083677077194645e-01 8.349916952497818956e-01
6.540954625810253553e-01 7.636312702122856066e-01
6.414260459634649747e-01 7.557204926715177518e-01
6.626399528579847154e-01 7.690747713341432590e-01
6.337654684737772381e-01 8.308673536076265354e-01
6.437831467295226373e-01 8.357105640804066704e-01
6.296405421331762176e-01 8.485969638123231906e-01
6.367118444313494274e-01 8.186914763029884412e-01
6.308190925162050489e-01 8.825404924504897108e-01
6.420153211549793904e-01 8.490691570674672173e-01
6.697112551561579252e-01 7.643668143188252495e-01
6.420153211549793904e-01 8.489779268994050998e-01
6.773718326458456618e-01 7.267092957216150229e-01
6.411314083677077669e-01 9.127013788503759439e-01
6.458456098998232031e-01 8.449120293645298041e-01
6.652916912197996968e-01 7.979523311643039740e-01
6.493812610489098081e-01 8.568553328514099121e-01
6.785503830288744931e-01 7.646337502142962483e-01
6.470241602828521454e-01 8.748416602611541748e-01
6.408367707719504480e-01 9.029459690346437473e-01
6.505598114319387504e-01 8.824506577323464329e-01
6.426045963464938060e-01 9.283892231829026231e-01
6.443724219210371640e-01 9.564208072774550429e-01
6.414260459634649747e-01 1.082382002297569645e+00
6.487919858573953924e-01 8.903443585423862494e-01
6.502651738361815426e-01 8.346709381131565131e-01
6.591043017088981104e-01 8.373550474643707275e-01
6.579257513258691681e-01 9.387023939805871908e-01
6.458456098998232031e-01 9.234198472079109266e-01
6.455509723040659953e-01 9.436219807933358128e-01
6.538008249852681475e-01 1.008378610891454308e+00
6.308190925162050489e-01 1.114978369544534109e+00
6.546847377725397710e-01 9.181845310856314724e-01
6.538008249852681475e-01 8.962228245594922038e-01
6.390689451974072011e-01 1.037814040394390291e+00
6.779611078373600774e-01 8.704169936039868327e-01
6.426045963464938060e-01 9.692722699221443250e-01
6.508544490276959582e-01 1.071067110580556481e+00
6.511490866234531660e-01 1.218512266874313354e+00
6.570418385385975446e-01 9.994062693680033638e-01
6.596935769004125261e-01 9.145259383846732204e-01
6.591043017088981104e-01 9.642969089395859728e-01
6.664702416028285281e-01 9.291698108701145209e-01
6.552740129640541866e-01 1.019395404002245709e+00
6.490866234531526002e-01 1.065046049216214374e+00
6.552740129640541866e-01 9.807953256018021593e-01
6.599882144961697339e-01 1.008558034896850586e+00
6.655863288155569046e-01 9.623231396955602701e-01
6.520329994107247895e-01 1.071023756966871465e+00
6.670595167943429438e-01 1.098170129691853347e+00
6.635238656452563388e-01 1.112466997960034565e+00
6.770771950500883429e-01 9.040382241501527805e-01
6.529169121979964130e-01 1.067923789515214716e+00
6.747200942840306803e-01 1.005804856033886141e+00
6.853270477312904951e-01 1.428414474515353971e+00
6.921037124337064972e-01 9.088719259290134467e-01
6.582203889216263759e-01 1.105983944500193772e+00
6.932822628167354395e-01 8.344045561902663222e-01
6.761932822628167195e-01 9.981810082407558404e-01
6.694166175604007174e-01 1.094370137242709928e+00
6.558632881555686023e-01 1.309152878382626728e+00
6.705951679434295487e-01 1.114116156802458013e+00
6.617560400707129808e-01 1.175272335024440951e+00
6.676487919858573594e-01 1.010265192564796077e+00
6.573364761343547524e-01 1.114951924366109459e+00
6.647024160282851701e-01 1.452050738474901959e+00
6.635238656452563388e-01 1.188403099775314331e+00
6.623453152622275075e-01 1.109374309287351812e+00
6.644077784325279623e-01 1.000491322839961228e+00
6.729522687094873223e-01 1.185345404288348004e+00
6.685327047731290939e-01 1.162538410986170945e+00
6.632292280494991310e-01 1.252856936524896048e+00
6.623453152622275075e-01 1.172311658368391241e+00
6.750147318797878881e-01 1.139080892590915495e+00
6.670595167943429438e-01 1.311601533609278114e+00
6.735415439010017380e-01 1.114789103760438715e+00
6.670595167943429438e-01 1.243103446329341111e+00
6.517383618149675817e-01 1.080509305000305176e+00
6.661756040070713203e-01 1.343848431811613287e+00
6.714790807307012832e-01 1.164714280296774485e+00
6.626399528579847154e-01 1.082209564307156757e+00
6.623453152622275075e-01 1.147318380720475206e+00
6.641131408367707545e-01 1.274026435964247694e+00
6.747200942840306803e-01 1.144972732838462459e+00
6.632292280494991310e-01 1.309317322338328538e+00
6.561579257513259211e-01 1.231713128440520277e+00
6.682380671773718861e-01 1.260185764116399376e+00
6.638185032410135467e-01 1.377801984548568726e+00
6.670595167943429438e-01 1.382970532950233089e+00
7.136122569239834457e-01 1.061354302308138653e+00
6.726576311137301145e-01 1.179456588099984549e+00
6.670595167943429438e-01 1.370471316225388536e+00
6.764879198585739273e-01 1.154223556027692998e+00
6.697112551561579252e-01 1.271501213312149048e+00
7.180318208603417851e-01 9.713358563535353651e-01
6.691219799646435096e-01 1.219288189621532625e+00
6.535061873895109397e-01 1.153829322141759484e+00
6.708898055391867565e-01 1.253608347738490281e+00
6.726576311137301145e-01 1.230589631725760080e+00
