4.843842074248674301e-01 1.063183153376859869e+00
4.664113140836770866e-01 1.054193268803989225e+00
4.705362404242781627e-01 1.052001560435575689e+00
5.053034767236299629e-01 1.045362837174359516e+00
4.779021803182085804e-01 1.049626252230476009e+00
5.156157925751325699e-01 1.037100669215707205e+00
5.041249263406010206e-01 1.032941825249615864e+00
5.315262227460223476e-01 1.029731946832993517e+00
5.615792575132586562e-01 1.029500950785244173e+00
5.459634649381260862e-01 1.020901410018696609e+00
5.689451974071891849e-01 1.014967497657327078e+00
5.913376546847377568e-01 1.013740546563092426e+00
6.340601060695344460e-01 1.004865527153015137e+00
5.883912787271655676e-01 1.008750026716905390e+00
6.157925751325868946e-01 1.000452592092401893e+00
6.417206835592221825e-01 9.898792750695172282e-01
6.343547436652916538e-01 9.893110184108510063e-01
6.128461991750147053e-01 9.917813223951003065e-01
6.470241602828521454e-01 9.764837833011851265e-01
6.396582203889216167e-01 9.768692219958585721e-01
5.957572186210960963e-01 9.751334120245540582e-01
6.776664702416028696e-01 9.680561861571144178e-01
6.988803771361226103e-01 9.581958739196553276e-01
6.555686505598113945e-01 9.629054963588714600e-01
6.947554507955214786e-01 9.457252078196581868e-01
6.520329994107247895e-01 9.503435965846566136e-01
7.301119622863877501e-01 9.286527300582212430e-01
7.312905126694165814e-01 9.158399771241581000e-01
7.386564525633471101e-01 9.222288587514091418e-01
7.230406599882145402e-01 9.143873926471260960e-01
7.418974661166765072e-01 9.021123174358817165e-01
7.280494991160871843e-01 9.158689362161299696e-01
7.448438420742486965e-01 8.730446380727431288e-01
7.377725397760753756e-01 8.835253662922802897e-01
7.418974661166765072e-01 8.778428487917956380e-01
7.483794932233353014e-01 8.632360766915714301e-01
7.430760164997053385e-01 8.703073333291446723e-01
7.256923983500294106e-01 8.573244880227481879e-01
6.965232763700648366e-01 8.791221853564766819e-01
7.377725397760753756e-01 8.481552074937259711e-01
7.486741308190925093e-01 8.409948243814355795e-01
7.280494991160871843e-01 8.453971357906565620e-01
7.825574543311726305e-01 7.957845645792344103e-01
7.059516794342958201e-01 8.330195686396431043e-01
7.395403653506187336e-01 8.195308832561268853e-01
7.280494991160871843e-01 8.186407702810624132e-01
7.799057159693576491e-01 7.833535478395574625e-01
7.398350029463759414e-01 7.997190461439245279e-01
7.483794932233353014e-01 7.899553968625909750e-01
7.563347083087802458e-01 7.704564087531146077e-01
7.245138479670005793e-01 7.920949984999263727e-01
7.628167354154390400e-01 7.555274139432346381e-01
7.395403653506187336e-01 7.831523944349849664e-01
7.533883323512080565e-01 7.520285073448630397e-01
7.707719505008838734e-01 7.508167782250572131e-01
7.510312315851502829e-01 7.586608984891105578e-01
7.351208014142605052e-01 7.704093578983756130e-01
7.489687684148497171e-01 7.465909474036273030e-01
7.631113730111962479e-01 7.367895666290732448e-01
7.174425456688273695e-01 7.806239145643570909e-01
7.669416617560400606e-01 7.260259845677543566e-01
7.663523865645256450e-01 7.266548661624684380e-01
7.760754272245138363e-01 7.013368378667270697e-01
7.684148497348262108e-01 7.178381137988146810e-01
7.474955804360636780e-01 7.425890038995182074e-01
7.955215085444903300e-01 6.834022823502036159e-01
7.890394814378314248e-01 6.870347015997942952e-01
7.480848556275780936e-01 7.217004544594708415e-01
7.604596346493812664e-01 7.160390562870923015e-01
7.757807896287566285e-01 6.984659135341644287e-01
7.663523865645256450e-01 7.028745693318984022e-01
7.860931054802592355e-01 6.791544206002179118e-01
7.637006482027106635e-01 7.055900377385756483e-01
8.034767236299351634e-01 6.517993141623104059e-01
7.987625220978197271e-01 6.524244073559256618e-01
7.698880377136122499e-01 6.854318608255947076e-01
7.905126694166175749e-01 6.660258314188789441e-01
7.746022392457277972e-01 6.604405904517454129e-01
7.807896287566293836e-01 6.715839996057397787e-01
8.111373011196228999e-01 6.306394338607788086e-01
7.793164407778432334e-01 6.646199033540838297e-01
7.802003535651148569e-01 6.511413192047792453e-01
7.448438420742486965e-01 6.888344533303204509e-01
8.120212139068945234e-01 6.118771188399371175e-01
7.548615203299940957e-01 6.672511819530936306e-01
7.748968768414850050e-01 6.626037657260894775e-01
7.964054213317619535e-01 5.911824913585886909e-01
7.978786093105479926e-01 6.149749563020818766e-01
7.869770182675309700e-01 6.253170669078826904e-01
6.873895109015910609e-01 7.103599853375378581e-01
8.099587507365939576e-01 5.828006434089997301e-01
6.959340011785504210e-01 7.343215696951922444e-01
7.262816735415439373e-01 6.863264143466949463e-01
7.651738361814968137e-01 6.359978826606974556e-01
7.554507955215085113e-01 6.719337202170315715e-01
7.831467295226870462e-01 6.371878736159380940e-01
7.754861520329994207e-01 6.305909016553092883e-01
7.866823806717737622e-01 6.051395903615390814e-01
7.536829699469652644e-01 6.511319078066769572e-01
6.234531526222746312e-01 7.735165830920723851e-01
6.620506776664701887e-01 6.996843990157631810e-01
7.174425456688273695e-01 6.915303661542779867e-01
7.825574543311726305e-01 6.203732166220160549e-01
6.258102533883324048e-01 7.652905390543096598e-01
7.583971714790807006e-01 6.116499392425313042e-01
6.882734236888626844e-01 6.987304144045886067e-01
8.149675898644667127e-01 5.291230661027571669e-01
7.840306423099587807e-01 5.823203824898776082e-01
7.295226870948733344e-01 6.361604990328059150e-01
7.460223924572775278e-01 6.499547169489019449e-01
7.256923983500294106e-01 6.720825039288577107e-01
7.645845609899822870e-01 6.326178829459583319e-01
7.030053034767236309e-01 6.730047674740061714e-01
7.312905126694165814e-01 6.539769619703292847e-01
7.189157336476134086e-01 6.687867834287530844e-01
7.368886269888037521e-01 6.256728820941027669e-01
7.327637006482027315e-01 6.244778466575285902e-01
8.185032410135533176e-01 5.600036733290728597e-01
7.289334119033589188e-01 6.394402069203993788e-01
7.304065998821449579e-01 6.416411154410418538e-01
6.676487919858573594e-01 7.107021019739263590e-01
7.274602239245727686e-01 6.464161978048437174e-01
6.956393635827932131e-01 6.985301200081320827e-01
6.982911019446080836e-01 6.577671582207960110e-01
6.128461991750147053e-01 8.633304536342620850e-01
7.162639952857984271e-01 6.591506915933945665e-01
6.918090748379492894e-01 7.183353760663200305e-01
7.077195050088391781e-01 6.917931621565538425e-01
7.012374779021802729e-01 7.231146658168119412e-01
7.139068945197407645e-01 6.480368235531974719e-01
7.041838538597524622e-01 6.894778504091150229e-01
7.961107837360047457e-01 5.514459049000459689e-01
7.056570418385386123e-01 6.715207310283884956e-01
6.626399528579847154e-01 7.730214473079232151e-01
5.247495580436063456e-01 1.217882892664741146e+00
7.324690630524455237e-01 6.228290594675961467e-01
6.558632881555686023e-01 7.447023917646968805e-01
7.015321154979375917e-01 6.606486422174117079e-01
7.018267530936947995e-01 7.149287742726943007e-01
7.401296405421331492e-01 6.191697602762895603e-01
7.197996464348851431e-01 6.413527499226963080e-01
6.711844431349439644e-01 7.242106462226194363e-01
7.259870359457867295e-01 6.725366203223958061e-01
7.442545668827342809e-01 6.323515001465292995e-01
7.015321154979375917e-01 7.169966680162093153e-01
7.410135533294048837e-01 6.458184517481747600e-01
6.794342958161461166e-01 7.937837365795584743e-01
7.451384796700059043e-01 6.319415174862917928e-01
7.286387743076015999e-01 6.728317395729177530e-01
6.629345904537419232e-01 7.809869208756614611e-01
7.781378903948144021e-01 5.596304176484837578e-01
6.588096641131407916e-01 7.909363034893485134e-01
7.215674720094283900e-01 6.777195492211509631e-01
5.017678255745433580e-01 1.148220442673739239e+00
6.865055981143194375e-01 7.351089996450087538e-01
7.348261638185031863e-01 6.309698916533413859e-01
7.251031231585149950e-01 6.708513787564109876e-01
7.386564525633471101e-01 6.435969270327511760e-01
6.844431349440188717e-01 7.550717522116268121e-01
7.581025338833234928e-01 5.732078631134593927e-01
7.218621096051855979e-01 6.774676810292636908e-01
7.404242781378903571e-01 6.305880827062270155e-01
6.915144372421920815e-01 7.405738550073960313e-01
6.994696523276370259e-01 7.149668896899503689e-01
7.236299351797289559e-01 6.797031427130979520e-01
7.342368886269887707e-01 6.757415953804465358e-01
5.733647613435474133e-01 1.018211228006026259e+00
6.921037124337064972e-01 7.181205618030884752e-01
6.956393635827932131e-01 7.505924964652341824e-01
6.576311137301119603e-01 8.239861043060526802e-01
6.552740129640541866e-01 8.211321129518396322e-01
6.729522687094873223e-01 7.525356797611012505e-01
6.375957572186210509e-01 9.289511810330783881e-01
6.747200942840306803e-01 7.382818776018479356e-01
6.045963464938126641e-01 1.064981379929710759e+00
6.753093694755450960e-01 7.753085862187778510e-01
7.418974661166765072e-01 6.486638670458513278e-01
7.442545668827342809e-01 5.987936898189432089e-01
7.433706540954625464e-01 6.374949269434985188e-01
7.312905126694165814e-01 6.795531178221982938e-01
6.302298173246906332e-01 8.980480642879710151e-01
7.109605185621685752e-01 7.227688694701475125e-01
5.978196817913965511e-01 1.233208326732411209e+00
6.782557454331172853e-01 7.930618910228505181e-01
7.121390689451974065e-01 6.354388787465936606e-01
7.248084855627577872e-01 6.935757442432290976e-01
6.903358868591632502e-01 7.880398771342109754e-01
6.426045963464938060e-01 8.377446707557228978e-01
7.265763111373011451e-01 6.728692650794982910e-01
7.159693576900412193e-01 7.121245834757300441e-01
6.903358868591632502e-01 7.727918134016149576e-01
7.271655863288155608e-01 6.834515718852772759e-01
7.144961697112551802e-01 7.374414468512815457e-01
5.880966411314083597e-01 1.016422978218864070e+00
7.253977607542722028e-01 6.790950158063102648e-01
6.449616971125515796e-01 8.448292858460370036e-01
6.935769004124926473e-01 7.793950333314783041e-01
7.106658809664113674e-01 7.046385021770701362e-01
7.613435474366528899e-01 5.755512162166482870e-01
7.307012374779021657e-01 6.741823352435055705e-01
