4.363582793164407780e-01 1.041475839474621967e+00
4.398939304655273830e-01 1.018118108020109380e+00
4.779021803182085804e-01 1.002204518107806974e+00
4.997053624042427922e-01 9.852156306014341336e-01
5.271066588096641192e-01 9.794145752401912652e-01
5.680612846199174504e-01 9.568070821902331380e-01
5.904537418974661334e-01 9.490274366210488255e-01
5.329994107248084978e-01 9.470707949470070774e-01
5.960518562168533041e-01 9.314611554145812988e-01
6.181496758986446682e-01 9.236300359754001654e-01
6.172657631113730448e-01 9.108643584391650228e-01
6.202121390689452340e-01 9.062748165691599800e-01
6.219799646434884810e-01 8.929266035556793213e-01
6.261048909840896126e-01 8.873877192244810086e-01
6.337654684737772381e-01 8.735159863443935357e-01
6.331761932822628225e-01 8.560850813108331625e-01
6.328815556865056147e-01 8.498278838746687880e-01
6.579257513258691681e-01 8.514608653152689888e-01
6.744254566882734725e-01 8.461785789798287327e-01
6.779611078373600774e-01 8.494738059885361681e-01
6.747200942840306803e-01 8.157141980002907689e-01
6.758986446670595116e-01 8.151739835739135742e-01
6.782557454331172853e-01 8.064688882407020643e-01
6.767825574543311351e-01 8.064826656790340387e-01
6.785503830288744931e-01 7.860002465107861491e-01
6.820860341779610980e-01 7.948911312748404567e-01
6.747200942840306803e-01 7.989266953047584607e-01
6.800235710076605322e-01 7.762113301193013237e-01
6.694166175604007174e-01 7.941246909253737440e-01
6.823806717737183059e-01 7.690701607395621364e-01
6.868002357100766453e-01 7.709924473482019369e-01
6.758986446670595116e-01 7.584444705177756374e-01
6.482027106658809767e-01 7.513921769226298286e-01
6.602828520919269417e-01 7.533242632361019098e-01
6.278727165586328596e-01 7.629358172416687012e-01
6.278727165586328596e-01 7.576087380156797391e-01
6.370064820271066353e-01 7.412215295959921901e-01
6.202121390689452340e-01 7.565929135855506971e-01
6.255156157925750859e-01 7.436251657850602159e-01
6.110783736004714584e-01 7.564925919560825385e-01
6.081319976428992691e-01 7.474807868985569037e-01
6.496758986446670159e-01 7.239425147280973416e-01
6.075427224513847424e-01 7.660530752995434733e-01
6.266941661756040283e-01 7.513254109550925319e-01
6.346493812610488616e-01 7.380837570218479193e-01
6.375957572186210509e-01 7.283372949151432074e-01
6.263995285798468204e-01 7.634493796264424370e-01
6.352386564525633883e-01 7.605435024289524115e-01
6.178550383028874604e-01 7.568295054575976399e-01
6.387743076016499932e-01 7.632833088145536404e-01
6.184443134944018761e-01 7.914420997395235080e-01
6.278727165586328596e-01 7.599334927166209175e-01
6.237477902180318390e-01 7.730414744685677464e-01
6.278727165586328596e-01 7.837142383351045627e-01
6.190335886859162917e-01 7.668759314452900933e-01
6.213906894519740653e-01 8.064428953563466118e-01
6.287566293459044831e-01 7.856730240232804308e-01
6.381850324101355776e-01 7.892961011213415201e-01
6.358279316440778040e-01 7.987125743837917291e-01
6.390689451974072011e-01 7.704063110491808919e-01
6.261048909840896126e-01 8.114551007747650146e-01
6.370064820271066353e-01 7.869186734451967258e-01
6.426045963464938060e-01 7.853273468859055528e-01
6.402474955804360324e-01 8.688145700623007839e-01
6.467295226870948266e-01 7.562316182781668727e-01
6.370064820271066353e-01 8.180659045191371881e-01
6.390689451974072011e-01 8.330690124455619738e-01
6.358279316440778040e-01 7.989929581389707547e-01
6.325869180907484068e-01 8.158430492176729221e-01
6.331761932822628225e-01 8.540713033255409314e-01
6.558632881555686023e-01 7.846342290149015408e-01
6.255156157925750859e-01 8.385412009323344185e-01
6.496758986446670159e-01 7.862412964596467990e-01
6.526222746022392052e-01 7.955698914387646647e-01
6.431938715380082217e-01 8.134903785060433323e-01
6.747200942840306803e-01 7.686878302518058703e-01
6.319976428992339912e-01 8.241216663052054470e-01
6.426045963464938060e-01 7.835232825840220405e-01
6.375957572186210509e-01 8.034428410670336751e-01
6.378903948143783698e-01 7.863857132547041884e-01
6.346493812610488616e-01 8.100464606986326199e-01
6.428992339422510138e-01 8.099576480248394938e-01
6.490866234531526002e-01 7.634518164045670519e-01
6.261048909840896126e-01 8.506771326065063477e-01
6.311137301119622567e-01 8.335364040206459935e-01
6.302298173246906332e-01 9.151533929740681694e-01
6.325869180907484068e-01 8.308688665137571316e-01
6.414260459634649747e-01 7.876020564752466147e-01
6.428992339422510138e-01 8.464963769211488742e-01
6.437831467295226373e-01 8.287517691359800320e-01
6.443724219210371640e-01 8.560027006794425075e-01
6.364172068355922196e-01 8.583104154642891004e-01
6.234531526222746312e-01 9.339054226875305176e-01
6.305244549204478410e-01 8.755673748605391493e-01
6.411314083677077669e-01 8.328676644493552272e-01
6.434885091337654295e-01 8.387927588294533665e-01
6.700058927519151331e-01 7.854788040413576145e-01
6.543901001767825631e-01 7.870416553581461860e-01
6.446670595167943718e-01 8.050592979964088514e-01
6.426045963464938060e-01 8.675976605976328804e-01
6.473187978786093533e-01 8.682556888636421277e-01
6.605774896876841495e-01 8.095533321885501898e-01
6.405421331761932402e-01 8.213019195724936550e-01
6.373011196228638431e-01 8.836235894876367514e-01
6.490866234531526002e-01 8.028310642522924478e-01
6.343547436652916538e-01 8.981462191132938422e-01
6.679434295816145672e-01 7.865829660611993734e-01
6.635238656452563388e-01 7.942155161324668811e-01
6.261048909840896126e-01 9.556684792041778564e-01
6.538008249852681475e-01 8.272601471227758463e-01
6.479080730701237689e-01 8.860159674111534045e-01
6.611667648791985652e-01 7.943328689126407660e-01
6.638185032410135467e-01 7.724685879314646675e-01
6.484973482616381846e-01 9.224821118747487114e-01
6.732469063052445302e-01 8.071539770154392279e-01
6.638185032410135467e-01 8.100927524706896810e-01
6.977018267530936679e-01 7.278533770757562582e-01
6.405421331761932402e-01 9.465561439009273492e-01
6.411314083677077669e-01 8.799903515507193630e-01
6.484973482616381846e-01 8.931261932148653049e-01
6.602828520919269417e-01 7.941917864715352104e-01
6.546847377725397710e-01 8.379331371363472059e-01
6.482027106658809767e-01 8.876148181803086290e-01
6.340601060695344460e-01 9.910792094819685927e-01
6.511490866234531660e-01 8.462801260106703749e-01
6.431938715380082217e-01 8.818887910422157361e-01
6.396582203889216167e-01 9.588345639845904378e-01
6.361225692398350118e-01 1.059905848082374202e+00
6.452563347083087875e-01 9.523111494148478462e-01
6.473187978786093533e-01 8.343205574680777614e-01
6.281673541543900674e-01 1.054726709337795443e+00
6.402474955804360324e-01 9.737786896088543864e-01
7.333529758397171472e-01 7.246752907248104059e-01
6.844431349440188717e-01 6.813436965732013739e-01
6.263995285798468204e-01 1.031995214083615497e+00
6.912197996464348737e-01 7.119070317815331395e-01
6.225692398350028967e-01 1.044618657406638729e+00
6.570418385385975446e-01 8.406534913708182399e-01
6.311137301119622567e-01 1.003141746801488488e+00
6.582203889216263759e-01 8.857512631837058947e-01
6.408367707719504480e-01 9.409277912448433812e-01
6.723629935179729067e-01 8.836021651239955865e-01
6.322922804949911990e-01 1.094337286318049607e+00
6.700058927519151331e-01 7.419275676502901096e-01
6.467295226870948266e-01 8.951255346045774441e-01
6.455509723040659953e-01 9.575654163080102865e-01
6.420153211549793904e-01 9.974702438887428357e-01
6.711844431349439644e-01 7.867860233082490939e-01
6.508544490276959582e-01 9.350075634086832954e-01
6.647024160282851701e-01 8.156213076675639106e-01
6.561579257513259211e-01 1.006875218713984665e+00
6.623453152622275075e-01 7.931096483679378473e-01
6.667648791985857359e-01 7.538271739202386801e-01
6.205067766647024419e-01 1.230705077157301153e+00
6.717737183264584910e-01 6.971093363621655437e-01
6.461402474955804109e-01 9.707607995061313666e-01
6.626399528579847154e-01 8.299408730338601048e-01
6.729522687094873223e-01 7.118723059401792508e-01
6.694166175604007174e-01 7.551220883341396295e-01
6.647024160282851701e-01 8.926542576621560032e-01
6.520329994107247895e-01 9.232246121939491346e-01
6.655863288155569046e-01 7.377350365414339084e-01
6.614614024749557730e-01 8.048282984425040310e-01
6.546847377725397710e-01 8.310119579820072211e-01
6.688273423688863017e-01 7.989080372978659694e-01
6.564525633470831290e-01 8.894116633078631429e-01
6.753093694755450960e-01 7.035965568879071208e-01
6.290512669416618019e-01 1.053160174804575355e+00
6.237477902180318390e-01 1.167791405144859684e+00
6.670595167943429438e-01 8.486318062333499945e-01
6.484973482616381846e-01 9.609377384185791016e-01
6.644077784325279623e-01 8.647296603988198216e-01
6.641131408367707545e-01 8.872543170171625082e-01
6.629345904537419232e-01 8.177699131124159804e-01
6.555686505598113945e-01 8.990469574928283691e-01
6.499705362404242237e-01 9.036536356982063367e-01
6.567472009428403368e-01 8.421794333878684924e-01
6.446670595167943718e-01 9.664509226294124566e-01
7.386564525633471101e-01 5.467673215795966213e-01
6.785503830288744931e-01 6.871761171256794976e-01
6.470241602828521454e-01 9.222248021294089382e-01
6.440777843252799562e-01 9.457580149173736572e-01
6.573364761343547524e-01 8.362018588711234157e-01
6.761932822628167195e-01 6.426416600451749783e-01
6.614614024749557730e-01 7.774272508480969401e-01
6.661756040070713203e-01 7.949080625001121447e-01
6.926929876252210239e-01 7.921416093321407281e-01
6.449616971125515796e-01 9.221084310727960531e-01
6.638185032410135467e-01 8.044104541049283963e-01
6.455509723040659953e-01 1.036389252718757259e+00
6.679434295816145672e-01 8.380543098730199869e-01
6.959340011785504210e-01 6.114274254616569593e-01
6.620506776664701887e-01 9.061708748340606689e-01
6.240424278137890468e-01 1.047931106651530442e+00
6.331761932822628225e-01 9.797070219236261313e-01
6.423099587507365982e-01 9.411469978444716444e-01
5.297583971714791007e-01 2.244052248842575814e+00
6.876841484973482688e-01 8.304028896724476860e-01
6.196228638774307074e-01 1.098377664299572176e+00
6.258102533883324048e-01 1.075231050743776118e+00
