4.136711844431349427e-01 1.109233190031612581e+00
4.419563936358279488e-01 1.101259960847742470e+00
4.882144961697112429e-01 1.088392138481140137e+00
5.047142015321155473e-01 1.078593127867754742e+00
4.758397171479080701e-01 1.073534060926998324e+00
4.885091337654684507e-01 1.071315835503970915e+00
5.041249263406010206e-01 1.063651786131017296e+00
4.796700058927519383e-01 1.055302181664635075e+00
4.817324690630524486e-01 1.054108833565431391e+00
4.914555097230406400e-01 1.048474855282727436e+00
4.955804360636417161e-01 1.035963535308837891e+00
5.200353565114909093e-01 1.026710317415349571e+00
5.274012964054213271e-01 1.021603438784094431e+00
5.179728933411903435e-01 1.016643764341578660e+00
5.350618738951090636e-01 1.003947577055762874e+00
5.271066588096641192e-01 9.875542223453521729e-01
5.321154979375368743e-01 9.816752531949211047e-01
5.453741897466116706e-01 9.769745258723988579e-01
5.518562168532704648e-01 9.524005931966444960e-01
5.433117265763111048e-01 9.475609274471507026e-01
5.321154979375368743e-01 9.429728599155650093e-01
5.477312905126694442e-01 9.220883583321290988e-01
5.374189746611667262e-01 9.136946814901688585e-01
5.698291101944608084e-01 8.912111152620876275e-01
5.385975250441956685e-01 8.916686931077171252e-01
5.344725987035945369e-01 8.910058018039254124e-01
5.315262227460223476e-01 8.754600987714880045e-01
5.329994107248084978e-01 8.585541932021870659e-01
5.524454920447848805e-01 8.541026869240928576e-01
5.359457866823806871e-01 8.513804814394783094e-01
5.341779611078373291e-01 8.377311667975257947e-01
5.736593989393046211e-01 8.245514280655804606e-01
5.427224513847966891e-01 8.173790398766013210e-01
5.668827342368886191e-01 8.206640622195076062e-01
5.465527401296405019e-01 8.064224386916440945e-01
5.539186800235710306e-01 8.061991035938262939e-01
5.733647613435474133e-01 7.867325772257411920e-01
5.592221567472009935e-01 7.950525073444142388e-01
5.680612846199174504e-01 7.822822332382202148e-01
5.848556275780789626e-01 7.765657077817356146e-01
5.742486741308191478e-01 7.730205602505627605e-01
5.860341779611077939e-01 7.528215436374440239e-01
5.931054802592811148e-01 7.652335710385266276e-01
5.819092516205067733e-01 7.662015662473791178e-01
5.845609899823217548e-01 7.475595263873829888e-01
5.880966411314083597e-01 7.482066259664648111e-01
5.830878020035356046e-01 7.514852145138908313e-01
5.780789628756629606e-01 7.519080112962162055e-01
5.727754861520329976e-01 7.466482327264898355e-01
5.895698291101945099e-01 7.418351348708657200e-01
6.040070713022981375e-01 7.324268835432389269e-01
6.007660577489687403e-01 7.327524598907021458e-01
5.951679434295815696e-01 7.365166018990909613e-01
5.948733058338243618e-01 7.439803305794211452e-01
6.146140247495580633e-01 7.246356851914349528e-01
5.972304065998821354e-01 7.383834421634674072e-01
6.205067766647024419e-01 7.269802514244528835e-01
6.037124337065409296e-01 7.399740815162658691e-01
6.025338833235120983e-01 7.484285778859082194e-01
5.763111373011196026e-01 7.731326345135184352e-01
5.878020035356511519e-01 7.537751162753385525e-01
6.051856216853270798e-01 7.533747220740598660e-01
6.066588096641131189e-01 7.659649007460650472e-01
6.128461991750147053e-01 7.631743953508489664e-01
5.960518562168533041e-01 7.859189492814681044e-01
6.154979375368296868e-01 7.844849597005283393e-01
6.258102533883324048e-01 7.609552583273719861e-01
6.216853270477312732e-01 7.754566388971665392e-01
6.166764879198586291e-01 8.049152265576755561e-01
6.234531526222746312e-01 8.093682772973004313e-01
6.278727165586328596e-01 7.859175520784714708e-01
6.311137301119622567e-01 7.940352751928216879e-01
6.222746022392456888e-01 8.096180084873648708e-01
6.314083677077194645e-01 8.128621560685774794e-01
6.237477902180318390e-01 8.246075230486252794e-01
6.396582203889216167e-01 8.157298775280222847e-01
6.263995285798468204e-01 8.420783544287961941e-01
6.487919858573953924e-01 8.197972003151389186e-01
6.205067766647024419e-01 8.469133815344642713e-01
6.473187978786093533e-01 8.256450067548191107e-01
6.399528579846788245e-01 8.273247077184564535e-01
6.384796700058927854e-01 8.378629368894240370e-01
6.523276370064819973e-01 8.539537086206323568e-01
6.393635827931644089e-01 8.898665957591113118e-01
6.585150265173835837e-01 8.524802625179290771e-01
6.502651738361815426e-01 8.945379520163816434e-01
6.455509723040659953e-01 9.459819215185502062e-01
6.505598114319387504e-01 9.429434520356795302e-01
6.570418385385975446e-01 8.777685077751383735e-01
6.632292280494991310e-01 8.746196452309104030e-01
6.558632881555686023e-01 9.341912900700288791e-01
6.641131408367707545e-01 8.911896891453686687e-01
6.561579257513259211e-01 8.994399747427772596e-01
6.414260459634649747e-01 9.648341799483579617e-01
6.803182086034178511e-01 7.954958782476537760e-01
6.396582203889216167e-01 9.890054096193874322e-01
6.390689451974072011e-01 9.634103178977966309e-01
6.496758986446670159e-01 1.023898447261137212e+00
6.602828520919269417e-01 9.140835807603948648e-01
6.809074837949322667e-01 8.471438463996437962e-01
6.658809664113141125e-01 9.050186153720406468e-01
6.499705362404242237e-01 9.555256542037514622e-01
6.564525633470831290e-01 9.459563721628749811e-01
6.735415439010017380e-01 8.931177170837626411e-01
6.399528579846788245e-01 1.051500448409248722e+00
6.608721272834413574e-01 9.507291597478529921e-01
6.523276370064819973e-01 1.022895802469814486e+00
6.593989393046553182e-01 9.831998804036308215e-01
7.103712433706540486e-01 7.124772597761714898e-01
6.493812610489098081e-01 9.920977862442240669e-01
6.520329994107247895e-01 1.014579716850729563e+00
6.337654684737772381e-01 1.086980144767200285e+00
6.461402474955804109e-01 1.046239535598193937e+00
6.490866234531526002e-01 1.009296848493463905e+00
6.596935769004125261e-01 1.000421920243431462e+00
6.473187978786093533e-01 1.101739064735524742e+00
6.649970536240423780e-01 9.681377586196450169e-01
6.402474955804360324e-01 1.082641252700020207e+00
6.785503830288744931e-01 9.279857610954957980e-01
6.523276370064819973e-01 1.089183491819045058e+00
6.464348850913376188e-01 1.074375417302636526e+00
6.564525633470831290e-01 1.069931624566807571e+00
6.452563347083087875e-01 1.105527152033413119e+00
6.647024160282851701e-01 1.023294664481106953e+00
6.726576311137301145e-01 9.954372661955216417e-01
6.703005303476723409e-01 9.889669085250181180e-01
6.526222746022392052e-01 1.097091404830708328e+00
6.517383618149675817e-01 1.137241270612267874e+00
6.582203889216263759e-01 1.051201019216986277e+00
6.555686505598113945e-01 1.088059383280137071e+00
6.591043017088981104e-01 1.070570002583896452e+00
6.540954625810253553e-01 1.105096424327177251e+00
6.685327047731290939e-01 1.024345978217966469e+00
6.596935769004125261e-01 1.045605307116227900e+00
6.652916912197996968e-01 1.045052272431990614e+00
6.461402474955804109e-01 1.144594723687452520e+00
6.514437242192103739e-01 1.154252057566362177e+00
6.337654684737772381e-01 1.197506285765591816e+00
6.588096641131407916e-01 1.134001891402637296e+00
6.723629935179729067e-01 1.032729585381115145e+00
6.617560400707129808e-01 1.128766526194179720e+00
6.458456098998232031e-01 1.239011210553786269e+00
6.729522687094873223e-01 1.016992448007359329e+00
6.364172068355922196e-01 1.153151331578984085e+00
6.655863288155569046e-01 1.086185870801701370e+00
6.676487919858573594e-01 1.057989493888967125e+00
6.505598114319387504e-01 1.184044860741671368e+00
6.508544490276959582e-01 1.160933925825006874e+00
6.620506776664701887e-01 1.145958037937388596e+00
6.652916912197996968e-01 1.093168758294161602e+00
6.596935769004125261e-01 1.165130594197441471e+00
6.431938715380082217e-01 1.278879418092615516e+00
6.620506776664701887e-01 1.124301985782735436e+00
6.644077784325279623e-01 1.113488696953829571e+00
6.576311137301119603e-01 1.173652487642624864e+00
6.567472009428403368e-01 1.160357208812937913e+00
6.331761932822628225e-01 1.370591033907497591e+00
6.605774896876841495e-01 1.149076919345294767e+00
6.611667648791985652e-01 1.169837597538443186e+00
6.635238656452563388e-01 1.144111528116114052e+00
6.532115497937537318e-01 1.225338513360304082e+00
6.317030053034766723e-01 1.344294935464859009e+00
6.458456098998232031e-01 1.307733928456025874e+00
6.490866234531526002e-01 1.273567666025722689e+00
6.570418385385975446e-01 1.166893443640540706e+00
6.582203889216263759e-01 1.214163161375943378e+00
6.626399528579847154e-01 1.176388630095650090e+00
6.661756040070713203e-01 1.178147808593862145e+00
6.714790807307012832e-01 1.105287178474314125e+00
6.714790807307012832e-01 1.070233280167860235e+00
6.652916912197996968e-01 1.160040099831188387e+00
6.729522687094873223e-01 1.094027496436063007e+00
6.670595167943429438e-01 1.178664500222486700e+00
6.532115497937537318e-01 1.250074598719091989e+00
6.632292280494991310e-01 1.187664244104834177e+00
6.661756040070713203e-01 1.169305075617397494e+00
6.579257513258691681e-01 1.213144873871522700e+00
6.555686505598113945e-01 1.289132810690823749e+00
6.703005303476723409e-01 1.133478492498397827e+00
6.588096641131407916e-01 1.214517567087622263e+00
6.652916912197996968e-01 1.147088759085711285e+00
6.526222746022392052e-01 1.301911294460296631e+00
6.620506776664701887e-01 1.220170823966755691e+00
6.623453152622275075e-01 1.194491782609154118e+00
7.716558632881556079e-01 7.069672889569226237e-01
6.626399528579847154e-01 1.215435164816239366e+00
6.549793753682969788e-01 1.272220871027778255e+00
6.703005303476723409e-01 1.099122438360663034e+00
6.576311137301119603e-01 1.295619855908786588e+00
6.585150265173835837e-01 1.209564044195063026e+00
6.658809664113141125e-01 1.196005272514679918e+00
6.700058927519151331e-01 1.169262793134240530e+00
6.694166175604007174e-01 1.192895507111268794e+00
6.517383618149675817e-01 1.355886916903888517e+00
6.520329994107247895e-01 1.359192718477810091e+00
6.511490866234531660e-01 1.286692247671239464e+00
6.579257513258691681e-01 1.212777398964937969e+00
6.641131408367707545e-01 1.233825993888518324e+00
6.567472009428403368e-01 1.244553387165069580e+00
6.670595167943429438e-01 1.240695013719446571e+00
