2.195050088391278797e-01 1.133753383860868658e+00
2.766647024160283075e-01 1.132007171125972933e+00
2.843252799057159885e-01 1.131974914494682682e+00
3.123158515026517312e-01 1.123033853138194260e+00
3.267530936947554698e-01 1.123120910981122211e+00
3.391278727165586426e-01 1.117130412774927528e+00
3.326458456098998484e-01 1.119505496586070237e+00
3.685916322922804800e-01 1.111488037249621197e+00
3.948143783146729757e-01 1.106420345166150287e+00
3.856806128461992000e-01 1.101551672991584407e+00
3.998232174425456753e-01 1.100019602214588943e+00
4.018856806128461856e-01 1.098982814480276682e+00
4.001178550383028831e-01 1.094233134213615788e+00
4.201532115497937370e-01 1.095799761659958849e+00
3.865645256334708235e-01 1.092314194230472379e+00
4.180907483794932267e-01 1.089427513234755507e+00
4.245727754861520209e-01 1.088101120556101975e+00
4.236888626988803974e-01 1.084762972943922987e+00
4.398939304655273830e-01 1.085686785333296767e+00
4.360636417206835702e-01 1.083357379716985314e+00
4.714201532115497861e-01 1.079224123674280555e+00
4.820271066588096565e-01 1.083039900835822689e+00
4.911608721272834321e-01 1.078821336521821772e+00
5.117855038302887571e-01 1.087397627970751568e+00
5.020624631703005658e-01 1.088465729180504216e+00
5.138479670005893230e-01 1.095865396892323318e+00
4.973482616381850185e-01 1.100782215595245361e+00
4.896876841484973375e-01 1.076805616126341070e+00
4.849734826163818457e-01 1.089490837910596088e+00
4.985268120212139054e-01 1.094641068402458561e+00
5.123747790218031728e-01 1.109237653367659560e+00
4.985268120212139054e-01 1.118498577791101845e+00
5.023571007660577736e-01 1.108372306122499262e+00
5.144372421921037386e-01 1.120494814480052170e+00
4.970536240424278107e-01 1.119086735388811871e+00
5.076605774896877366e-01 1.107665170641506380e+00
4.852681202121390536e-01 1.103213285698610102e+00
4.967589864466706029e-01 1.100760133827433762e+00
4.829110194460813354e-01 1.116194928393644537e+00
4.793753682969946750e-01 1.118879654828239811e+00
4.457866823806717615e-01 1.107749537510030358e+00
5.123747790218031728e-01 1.126611243276035124e+00
4.658220388921626154e-01 1.126195318558636860e+00
4.837949322333529589e-01 1.095630098791683382e+00
4.416617560400706854e-01 1.122361772200640484e+00
4.708308780200353705e-01 1.108335281119627203e+00
4.805539186800235618e-01 1.139783606809728234e+00
4.395992928697701752e-01 1.121370347107157883e+00
4.233942251031231341e-01 1.118109766174765207e+00
4.584560989982321977e-01 1.092136954559999262e+00
4.522687094873305558e-01 1.131236388402826698e+00
4.835002946375957511e-01 1.174781792304095074e+00
4.590453741897466133e-01 1.132923227899214735e+00
4.787860931054802593e-01 1.109869762378580482e+00
5.032410135533293971e-01 1.113959664807600225e+00
4.342958161461402677e-01 1.135305346811518845e+00
4.425456688273423644e-01 1.112347159315558054e+00
4.578668238067177265e-01 1.087621601188883957e+00
4.216263995285798316e-01 1.084864563801709370e+00
4.366529169121979859e-01 1.117721845121944613e+00
4.767236299351797491e-01 1.137604164726593980e+00
4.534472598703594426e-01 1.094193779370363995e+00
4.363582793164407780e-01 1.095159039777867882e+00
4.130819092516205271e-01 1.081420610932742887e+00
4.437242192103712513e-01 1.099048412898007587e+00
4.222156747200943028e-01 1.122508811600068102e+00
4.457866823806717615e-01 1.090595231336705773e+00
4.289923394225103048e-01 1.113413113005021104e+00
4.393046552740129673e-01 1.064699172973632812e+00
4.628756629345904261e-01 1.086690176935756869e+00
4.619917501473188026e-01 1.074862467892029771e+00
4.593400117855038212e-01 1.085510138203116037e+00
4.242781378903948131e-01 1.092084909186643804e+00
4.127872716558632638e-01 1.085790767389185341e+00
4.325279905715969098e-01 1.135330801500993525e+00
4.334119033588685888e-01 1.101946857045678518e+00
4.127872716558632638e-01 1.100771925028632747e+00
4.228049499116087184e-01 1.082930140635546490e+00
4.378314672952268727e-01 1.078579019097720915e+00
4.322333529758397019e-01 1.037954551332137099e+00
4.236888626988803974e-01 1.121195056859184636e+00
4.407778432527990620e-01 1.060202020056107530e+00
4.239835002946376052e-01 1.075902973904329096e+00
4.443134944018856669e-01 1.107319428640253456e+00
4.254566882734236999e-01 1.143133205526015272e+00
4.496169711255156298e-01 1.020964436671313091e+00
4.354743665291690990e-01 1.046604515875086960e+00
4.428403064230995723e-01 1.126588053563061909e+00
4.204478491455509448e-01 1.112826559473486521e+00
4.773129051266941647e-01 1.031609650920419119e+00
4.920447849145551111e-01 1.035215021932826218e+00
4.478491455509723274e-01 1.063421712202184288e+00
4.481437831467295352e-01 1.032715395969503014e+00
4.481437831467295352e-01 1.102041397024603464e+00
4.404832056570418541e-01 1.152766108512878418e+00
5.076605774896877366e-01 1.004458080319797331e+00
4.566882734236888397e-01 1.063203992212519822e+00
4.460813199764289694e-01 1.116873358978944575e+00
4.814378314672952408e-01 9.998315309776979465e-01
4.239835002946376052e-01 1.171574525973376080e+00
4.631703005303476894e-01 1.127534501692827984e+00
4.522687094873305558e-01 1.087941562428193842e+00
4.616971125515615948e-01 1.124005582402734182e+00
5.662934590453742034e-01 9.376630572711720513e-01
4.289923394225103048e-01 1.183454061255735601e+00
4.628756629345904261e-01 1.072050217319937326e+00
4.823217442545668643e-01 1.080135149114272108e+00
4.233942251031231341e-01 1.207075213684755122e+00
5.000000000000000000e-01 1.015495324836057867e+00
4.628756629345904261e-01 1.080666279091554438e+00
5.409546258102534422e-01 9.579789708642398871e-01
4.537418974661166504e-01 1.132806539535522461e+00
4.870359457866823560e-01 1.083682040957843595e+00
4.840895698291101668e-01 1.053057027213713637e+00
4.124926340601060559e-01 1.392054564812604145e+00
4.723040659988214651e-01 1.109238233636407278e+00
5.329994107248084978e-01 9.553538385559531276e-01
4.879198585739540350e-01 1.066332320956622892e+00
5.097230406599881913e-01 1.014455297413994206e+00
5.536240424278138228e-01 9.691468862926259087e-01
4.575721862109605187e-01 1.161104519577587313e+00
5.041249263406010206e-01 1.078097364481757747e+00
4.787860931054802593e-01 1.170999386731315983e+00
4.720094284030642573e-01 1.131828807732638165e+00
5.159104301708897777e-01 1.087462544441223145e+00
5.197407189157337015e-01 1.165783228243098435e+00
5.250441956393635534e-01 1.009249887045692073e+00
4.849734826163818457e-01 1.121142294477013968e+00
5.285798467884501584e-01 1.021806902745190815e+00
4.428403064230995723e-01 1.326486548956702816e+00
6.340601060695344460e-01 8.888714839430416070e-01
4.077784325279905642e-01 1.600086057887357915e+00
4.935179728933412058e-01 1.124016270918004601e+00
4.976428992339422264e-01 1.092979176956064613e+00
4.254566882734236999e-01 1.606422192910138325e+00
4.896876841484973375e-01 1.152785315233118446e+00
4.519740718915733479e-01 1.291595287182751850e+00
5.244549204478491378e-01 1.185603718547260099e+00
5.050088391278727551e-01 1.161989343516966811e+00
5.226870948733057798e-01 1.022120389868231394e+00
4.896876841484973375e-01 1.296027400914360417e+00
4.926340601060695268e-01 1.203706115484237671e+00
4.926340601060695268e-01 1.145609652294832026e+00
4.761343547436652779e-01 1.262084640124264912e+00
4.973482616381850185e-01 1.172220578965018856e+00
5.315262227460223476e-01 1.074703391860513113e+00
4.997053624042427922e-01 1.129436594598433485e+00
5.162050677666469856e-01 1.085985492257510954e+00
5.047142015321155473e-01 1.184042437988169105e+00
5.668827342368886191e-01 9.564529850202447836e-01
4.902769593400118087e-01 1.129016586962868107e+00
5.035356511490866049e-01 1.132849495200549894e+00
4.770182675309369569e-01 1.260023537804098703e+00
4.879198585739540350e-01 1.181793865035561941e+00
5.226870948733057798e-01 1.202787791981416499e+00
4.670005892751915022e-01 1.383084395352531804e+00
5.391868002357100842e-01 1.043731203850577938e+00
4.855627578078962614e-01 1.192805849453982159e+00
5.014731879787860391e-01 1.096211901482413875e+00
4.702416028285208993e-01 1.316532846759347342e+00
4.728933411903358808e-01 1.298216823269339182e+00
4.619917501473188026e-01 1.403640936402713590e+00
5.047142015321155473e-01 1.192162527757532509e+00
4.955804360636417161e-01 1.259574674508150860e+00
4.496169711255156298e-01 1.677384671042947195e+00
4.490276959340011587e-01 1.513741696582121099e+00
4.098408956982910745e-01 1.916729800841387554e+00
5.739540365350618289e-01 1.037868036943323524e+00
4.625810253388332183e-01 1.569947389995350662e+00
5.391868002357100842e-01 1.054458642707151617e+00
5.536240424278138228e-01 1.170288178850622751e+00
6.231585150265174233e-01 9.849906493635738336e-01
4.781968179139658437e-01 1.229011412929086111e+00
4.949911608721273004e-01 1.200672584421494493e+00
4.873305833824396194e-01 1.269086048883550255e+00
4.528579846788450269e-01 1.746919158627005197e+00
6.532115497937537318e-01 9.011125161367303793e-01
4.976428992339422264e-01 1.210075087407056049e+00
4.849734826163818457e-01 1.211911650264964280e+00
5.088391278727165679e-01 1.402313814443700402e+00
6.423099587507365982e-01 9.677318772848915174e-01
4.914555097230406400e-01 1.591274787397945589e+00
5.686505598114319771e-01 1.182669655365102379e+00
4.944018856806128293e-01 1.426479213378008648e+00
5.456688273423688784e-01 1.112542182207107544e+00
5.170889805539187201e-01 1.270286174381480393e+00
4.714201532115497861e-01 1.378158737631405062e+00
5.318208603417796665e-01 1.149545608197941604e+00
5.194460813199763827e-01 1.206160634756088257e+00
4.210371243370654160e-01 1.786228288622463412e+00
6.505598114319387504e-01 1.011517635163138973e+00
5.076605774896877366e-01 1.223046145018409359e+00
4.967589864466706029e-01 1.227157308774835975e+00
5.032410135533293971e-01 1.254692426499198543e+00
4.667059516794342944e-01 1.453838267747093571e+00
5.135533294048320041e-01 1.236891672891728966e+00
4.699469652327636915e-01 1.341566734454211041e+00
5.727754861520329976e-01 1.102131042410345652e+00
4.787860931054802593e-01 1.307357977418338590e+00
4.926340601060695268e-01 1.346239745616912842e+00
