2.271655863288155608e-01 1.171599524862626085e+00
2.807896287566293281e-01 1.164259325055515104e+00
2.952268709487330667e-01 1.150111012599047466e+00
2.978786093105480481e-01 1.144151403623468788e+00
2.984678845020624638e-01 1.134606200106003771e+00
3.005303476723629741e-01 1.123717332587522710e+00
3.076016499705362395e-01 1.118245966294232563e+00
3.058338243959929370e-01 1.108275217168471327e+00
3.217442545668827147e-01 1.104138602228725619e+00
3.523865645256334944e-01 1.097498967367060096e+00
3.706540954625810458e-01 1.086222182301914030e+00
3.576900412492634018e-01 1.093449624145732102e+00
4.045374189746611671e-01 1.075485629193922987e+00
3.915733647613435231e-01 1.069612338262445839e+00
4.266352386564525867e-01 1.059818597400889573e+00
4.646434885091337841e-01 1.054002004511216173e+00
4.507955215085445166e-01 1.051074455766116911e+00
4.357690041249263624e-01 1.044229675741756624e+00
4.502062463170300455e-01 1.034937767421498123e+00
4.681791396582203890e-01 1.024421083576539049e+00
4.896876841484973375e-01 1.012636191704693989e+00
4.743665291691219754e-01 1.021357038441826237e+00
4.920447849145551111e-01 1.006194670410717196e+00
5.344725987035945369e-01 9.964016167556538628e-01
5.388921626399528764e-01 9.741306269870084744e-01
6.219799646434884810e-01 9.791936558835646620e-01
6.293459045374190097e-01 9.630437002462499674e-01
5.686505598114319771e-01 9.698008807266459419e-01
5.786682380671773762e-01 9.517570015262154515e-01
6.122569239835002897e-01 9.397070232559653347e-01
5.913376546847377568e-01 9.350618614869958822e-01
6.193282262816734995e-01 9.273521321661332140e-01
5.727754861520329976e-01 9.353110772721907606e-01
6.160872127283441024e-01 9.035100498620201037e-01
6.269888037713612361e-01 8.957062591524684869e-01
6.906305244549204581e-01 8.831177388920503635e-01
6.160872127283441024e-01 8.763017531703499730e-01
6.593989393046553182e-01 8.624395728111267090e-01
6.322922804949911990e-01 8.672069013118743896e-01
6.535061873895109397e-01 8.547668334315804417e-01
6.208014142604596497e-01 8.474476582863751384e-01
6.809074837949322667e-01 8.436320634449229194e-01
6.240424278137890468e-01 8.378673528923707980e-01
6.602828520919269417e-01 8.152703765560599392e-01
6.234531526222746312e-01 8.195790420560276068e-01
6.564525633470831290e-01 8.157789111137390137e-01
6.644077784325279623e-01 8.050597853520337077e-01
6.072480848556275346e-01 8.296463051263023303e-01
6.505598114319387504e-01 8.043583070530611057e-01
6.670595167943429438e-01 7.921140509493210802e-01
6.682380671773718861e-01 7.828141328166512425e-01
6.853270477312904951e-01 7.587313073522904405e-01
6.482027106658809767e-01 7.932667521869435356e-01
6.428992339422510138e-01 7.940011147190543239e-01
6.467295226870948266e-01 7.860428042271557780e-01
6.361225692398350118e-01 7.853768362718469564e-01
6.484973482616381846e-01 7.742990220294279080e-01
6.287566293459044831e-01 7.881131908472847059e-01
6.181496758986446682e-01 7.826806850293103190e-01
6.526222746022392052e-01 7.573666502447689020e-01
5.718915733647613742e-01 8.567416422507342366e-01
6.364172068355922196e-01 7.670319536153007434e-01
6.193282262816734995e-01 7.716166184229009684e-01
5.925162050677666992e-01 8.014991721686195447e-01
6.010606953447259482e-01 8.352840051931493814e-01
6.154979375368296868e-01 7.729326363872078831e-01
6.175604007071302526e-01 7.694873932529898708e-01
6.098998232174425160e-01 7.957259714603424072e-01
5.966411314083677198e-01 7.803505115649279622e-01
6.140247495580436476e-01 7.628510208690867378e-01
5.500883912787272179e-01 8.611720572499668158e-01
6.325869180907484068e-01 7.474550972966587103e-01
6.060695344725987033e-01 8.032852078185361844e-01
5.984089569829109667e-01 7.710620305117439344e-01
5.833824395992929235e-01 9.453813696608823758e-01
6.001767825574543247e-01 8.138631196583018257e-01
6.299351797289334254e-01 7.521665972821852675e-01
5.721862109605185820e-01 1.171690655105254164e+00
6.101944608131997239e-01 7.922932523138382921e-01
6.470241602828521454e-01 7.433881899889778211e-01
6.096051856216853082e-01 8.312854065614587729e-01
5.757218621096051869e-01 8.581191564307493191e-01
6.614614024749557730e-01 7.074437947834238960e-01
5.886859163229227754e-01 8.361344249809489204e-01
6.446670595167943718e-01 7.256266948054818089e-01
5.963464938126105119e-01 8.539139786187339709e-01
5.807307012374779420e-01 8.699149279033436821e-01
5.866234531526223206e-01 8.400237875826218614e-01
5.822038892162639812e-01 8.572687331367941921e-01
5.960518562168533041e-01 9.120556466719683675e-01
5.922215674720093803e-01 8.530151616124546088e-01
6.004714201532115325e-01 8.191854077226975450e-01
5.807307012374779420e-01 8.680511870804954455e-01
6.081319976428992691e-01 8.417086548664990397e-01
5.636417206835592220e-01 9.294438712737139729e-01
5.657041838538597878e-01 9.312968972851248806e-01
5.341779611078373291e-01 1.123480461976107403e+00
5.595167943429582014e-01 9.583886651431813286e-01
5.683559222156747692e-01 9.231287959743949001e-01
5.998821449616971169e-01 8.587758926784291313e-01
5.536240424278138228e-01 1.168945126673754498e+00
5.895698291101945099e-01 8.983324099989498102e-01
5.715969357690041663e-01 1.062136827146305862e+00
5.786682380671773762e-01 8.463394326322218886e-01
5.936947554507955305e-01 1.122074118431876766e+00
5.898644667059517177e-01 8.284312644425559924e-01
5.739540365350618289e-01 1.182529112871955501e+00
5.377136122569239340e-01 1.448198234333711421e+00
6.040070713022981375e-01 8.414007267531227185e-01
5.786682380671773762e-01 9.655614442685070964e-01
5.506776664702416335e-01 1.125032533617580599e+00
5.948733058338243618e-01 8.188102771254146539e-01
5.851502651738361704e-01 8.392881102421704265e-01
5.468473777253977097e-01 1.074381004361545378e+00
6.063641720683559111e-01 8.752318673274096517e-01
5.509723040659988413e-01 1.089226361583260916e+00
5.807307012374779420e-01 9.697263854391434679e-01
5.577489687684148434e-01 1.433638029238756939e+00
5.913376546847377568e-01 8.820969479925492296e-01
5.503830288744844257e-01 1.140926038517671381e+00
5.604007071302298248e-01 1.045794884948169523e+00
5.568650559811432199e-01 1.055954459835501291e+00
5.645256334708308454e-01 9.906279567409964626e-01
5.480259281084266521e-01 1.218109677819644743e+00
5.559811431938714854e-01 1.259936420356526199e+00
5.642309958750736376e-01 1.149750907631481356e+00
5.689451974071891849e-01 1.011198315550299265e+00
5.733647613435474133e-01 1.030022721080219084e+00
5.459634649381260862e-01 1.186840777888017451e+00
5.892751915144371910e-01 1.073228890404981817e+00
5.919269298762521725e-01 8.432774719069985325e-01
5.580436063641720512e-01 1.135953917222864540e+00
5.748379493223335635e-01 1.027275386978598215e+00
5.689451974071891849e-01 1.032342265633975797e+00
5.639363582793164298e-01 1.065713296918308073e+00
5.453741897466116706e-01 1.270172171732958599e+00
5.727754861520329976e-01 1.055190536905737497e+00
5.657041838538597878e-01 1.159788736525703801e+00
5.845609899823217548e-01 9.558139618705300267e-01
5.492044784914554834e-01 1.355130609344033621e+00
5.662934590453742034e-01 1.174543982042985713e+00
5.786682380671773762e-01 1.045458062606699379e+00
5.680612846199174504e-01 1.161335960907094567e+00
5.645256334708308454e-01 1.095707234214333914e+00
5.889805539186799832e-01 1.016309852109235967e+00
5.872127283441367362e-01 1.023044938550276006e+00
5.500883912787272179e-01 1.303404839599833664e+00
6.570418385385975446e-01 7.947351196232963488e-01
5.807307012374779420e-01 1.091681704801671593e+00
5.556865055981142776e-01 1.340594330254722966e+00
5.810253388332351498e-01 1.089955627918243408e+00
5.530347672362994071e-01 1.280658909503151310e+00
5.677666470241602426e-01 1.157264509621788395e+00
5.807307012374779420e-01 1.134452544591006085e+00
5.769004124926340182e-01 1.097825574524262437e+00
5.527401296405420883e-01 1.320212679750779161e+00
5.898644667059517177e-01 1.205339154776404964e+00
5.279905715969357427e-01 1.832565188407897949e+00
5.689451974071891849e-01 1.227572693544275673e+00
5.969357690041249276e-01 1.121094028739368254e+00
5.621685327047731828e-01 1.358897174105924810e+00
5.942840306423099461e-01 1.011015823658774959e+00
5.657041838538597878e-01 1.284041122478597252e+00
6.649970536240423780e-01 8.210298787145053900e-01
5.866234531526223206e-01 1.203365278594634047e+00
6.202121390689452340e-01 9.058133170885198648e-01
5.630524454920448063e-01 1.336936955942827021e+00
6.172657631113730448e-01 8.679346003953147815e-01
5.810253388332351498e-01 1.240293397622949989e+00
5.863288155568650017e-01 1.333432274706223497e+00
5.895698291101945099e-01 1.200807653805788799e+00
7.124337065409546144e-01 6.559678763151168823e-01
5.816146140247495655e-01 1.160040578421424495e+00
5.715969357690041663e-01 1.582543033010819444e+00
6.284619917501472752e-01 1.031469641362919631e+00
5.987035945786682856e-01 1.221128614509806809e+00
5.839717147908073391e-01 1.254052712636835487e+00
6.134354743665291210e-01 9.924115573658662814e-01
5.807307012374779420e-01 1.198908981154946707e+00
6.048909840895698720e-01 1.068359531023923115e+00
5.100176782557453992e-01 2.730416304924908832e+00
6.016499705362404748e-01 1.075654478634104905e+00
5.462581025338832941e-01 1.646578981595880897e+00
5.739540365350618289e-01 1.306362397530499653e+00
5.651149086623452611e-01 1.441220886567059711e+00
5.898644667059517177e-01 1.238406680962618633e+00
4.720094284030642573e-01 1.686403656707090581e+00
7.472009428403064701e-01 6.678268699085011528e-01
5.771950500883912261e-01 1.288778129745932199e+00
6.228638774307602155e-01 1.194872314439100469e+00
6.072480848556275346e-01 1.185782148557550819e+00
6.370064820271066353e-01 1.028428775422713271e+00
5.795521508544489997e-01 1.315155839218812739e+00
6.001767825574543247e-01 1.267515413901385113e+00
5.945786682380671540e-01 1.450479942209580431e+00
5.668827342368886191e-01 1.417246825554791645e+00
5.984089569829109667e-01 1.176098103032392705e+00
6.390689451974072011e-01 9.306015828076530383e-01
5.792575132586917919e-01 1.370826205786536800e+00
7.413081909251620916e-01 6.128757403177373941e-01
