3.568061284619917228e-01 1.112260713296778114e+00
4.180907483794932267e-01 1.089033684309791195e+00
4.938126104890984136e-01 1.074147620621849430e+00
6.101944608131997239e-01 1.059919308213626676e+00
6.641131408367707545e-01 1.047225576989790907e+00
6.921037124337064972e-01 1.034879649386686529e+00
6.962286387743076288e-01 1.028564435594222060e+00
6.308190925162050489e-01 1.025674928637111849e+00
7.233352975839717480e-01 1.010160991374184025e+00
6.314083677077194645e-01 1.001403196769602211e+00
6.585150265173835837e-01 9.927356646341436441e-01
6.882734236888626844e-01 9.860449889126945422e-01
6.054802592810842876e-01 9.699099957942962646e-01
6.635238656452563388e-01 9.667194696033701851e-01
5.827931644077783968e-01 9.573799091226914415e-01
6.025338833235120983e-01 9.552924475249122693e-01
6.249263406010606703e-01 9.433155603268567058e-01
5.830878020035356046e-01 9.349209035144132596e-01
5.810253388332351498e-01 9.202820027575773221e-01
6.649970536240423780e-01 9.086614689406227185e-01
5.604007071302298248e-01 9.074594641433042508e-01
5.515615792575132570e-01 9.007512383601244954e-01
6.862109605185621186e-01 8.822806582731359537e-01
6.841484973482616638e-01 8.736205206197851236e-01
6.944608131997642708e-01 8.661127879339105551e-01
6.617560400707129808e-01 8.546156865708968153e-01
7.088980553918680094e-01 8.426388344343971326e-01
7.074248674130818593e-01 8.350986259825089464e-01
6.820860341779610980e-01 8.367058424388661431e-01
6.982911019446080836e-01 8.179073298678678494e-01
6.679434295816145672e-01 8.163528302136588977e-01
7.115497937536829909e-01 8.028123676776885986e-01
7.224513847967000135e-01 7.898937113144818278e-01
7.053624042427814045e-01 7.869898922303143474e-01
7.221567472009428057e-01 7.719019213143516467e-01
7.259870359457867295e-01 7.630915010676664334e-01
7.242192103712433715e-01 7.605636067250195476e-01
7.153800824985268036e-01 7.613694299669826471e-01
6.897466116676488346e-01 7.731472551822662354e-01
7.274602239245727686e-01 7.471508453874027289e-01
7.209781968179139744e-01 7.420293951735776883e-01
7.209781968179139744e-01 7.408992472816916530e-01
7.206835592221567666e-01 7.344706023440641385e-01
7.180318208603417851e-01 7.295242039596333550e-01
7.209781968179139744e-01 7.286873266977422769e-01
7.251031231585149950e-01 6.917458036366630481e-01
7.268709487330583530e-01 7.020212289165047581e-01
7.221567472009428057e-01 6.989948819665348090e-01
7.301119622863877501e-01 7.182196308584773980e-01
7.265763111373011451e-01 6.714401630794301079e-01
7.307012374779021657e-01 6.526700819239896756e-01
7.295226870948733344e-01 6.775710144463706897e-01
7.280494991160871843e-01 6.654392375665552084e-01
7.271655863288155608e-01 6.713255906806272488e-01
7.321744254566883159e-01 6.527187403510598118e-01
7.315851502651737892e-01 6.396226427134346082e-01
7.498526812021213406e-01 6.549901120802935628e-01
7.472009428403064701e-01 6.553425946656394885e-01
7.501473187978786594e-01 6.277033213306876247e-01
7.687094873305834186e-01 6.173583216526928874e-01
7.657631113730112293e-01 6.281056351521435710e-01
7.760754272245138363e-01 5.973699951873105984e-01
7.681202121390688919e-01 6.107259059653562527e-01
7.799057159693576491e-01 5.931857929510229166e-01
7.893341190335886326e-01 5.812929763513452475e-01
7.825574543311726305e-01 5.913463839713264392e-01
7.981732469063052005e-01 5.912598932490629178e-01
7.958161461402475378e-01 6.157927811145782471e-01
7.772539776075426676e-01 6.252599007943097087e-01
7.869770182675309700e-01 6.068297028541564941e-01
7.893341190335886326e-01 6.108902973287245741e-01
8.105480259281083733e-01 5.539653976173961603e-01
7.978786093105479926e-01 5.779098544050665920e-01
8.017088980553919164e-01 5.731681427534889295e-01
8.037713612256923712e-01 5.572244989521363268e-01
8.087802003535651263e-01 5.585303350406534140e-01
8.052445492044785214e-01 5.662123017451342610e-01
8.078962875662935028e-01 5.631584437454447700e-01
8.105480259281083733e-01 5.509790778160095215e-01
7.993517972893341428e-01 5.635841804392197618e-01
7.796110783736004413e-01 5.953778098611270941e-01
8.129051266941661469e-01 5.462896306725109064e-01
8.408956982911018896e-01 5.062985779607996895e-01
7.899233942251031593e-01 5.703819613246357001e-01
8.102533883323511654e-01 5.276061489301568930e-01
7.981732469063052005e-01 5.436194293639239339e-01
8.288155568650560356e-01 5.113454110482159587e-01
8.067177371832645605e-01 5.392049375702353542e-01
8.282262816735415090e-01 5.091086547164356269e-01
8.008249852681201819e-01 5.259413920781191853e-01
8.090748379493223341e-01 5.220129069160012181e-01
8.459045374189746447e-01 4.909333402619642239e-01
8.252799057159693197e-01 4.968256406924304036e-01
8.146729522687095049e-01 5.273729624117121650e-01
8.117265763111373156e-01 5.332700732876273220e-01
7.990571596935769350e-01 5.326198646250892565e-01
7.996464348850913506e-01 5.274168156525668172e-01
8.111373011196228999e-01 5.197864166077446058e-01
8.388332351208014348e-01 4.932727401747423190e-01
8.305833824395992826e-01 4.837280494325301161e-01
8.453152622274602290e-01 4.946768380263272258e-01
8.562168532704773627e-01 4.295941819162929498e-01
8.332351208014142641e-01 4.927463601617252387e-01
8.355922215674720377e-01 5.008424967527389526e-01
8.120212139068945234e-01 5.233507717356962186e-01
8.517972893341190233e-01 4.799004793167114258e-01
8.252799057159693197e-01 4.725064495030571465e-01
7.902180318208603671e-01 5.197726251447901680e-01
8.597525044195639676e-01 4.517539941212710408e-01
7.964054213317619535e-01 5.300537733470692681e-01
7.967000589275191613e-01 4.736321866512298584e-01
8.394225103123158505e-01 4.867712171638713392e-01
8.347083087802003032e-01 4.688159779590718723e-01
8.350029463759576220e-01 4.872891824035083808e-01
7.937536829699469720e-01 5.054547523750978488e-01
8.591632292280495520e-01 4.581252450452131253e-01
8.385385975250442270e-01 4.683148904758341335e-01
8.025928108426635399e-01 5.048365189748651449e-01
7.984678845020624083e-01 5.044458780218573635e-01
8.031820860341779555e-01 4.985664004788679105e-01
7.990571596935769350e-01 4.996448772795060167e-01
8.149675898644667127e-01 4.613080340273240099e-01
8.532704773129051734e-01 4.513327961458879489e-01
7.955215085444903300e-01 4.866054321036619168e-01
8.538597525044195891e-01 4.477993723224191203e-01
8.364761343547436612e-01 4.294613424469442831e-01
8.388332351208014348e-01 4.667683182393803087e-01
8.276370064820270933e-01 4.604156560757580730e-01
8.314672952268709061e-01 4.896605856278363200e-01
8.279316440777843011e-01 5.116222860182032539e-01
7.890394814378314248e-01 4.943365989362492052e-01
8.562168532704773627e-01 4.407376340206931586e-01
8.456098998232174369e-01 4.747932693537543769e-01
8.509133765468473998e-01 4.577476391020943169e-01
8.382439599292870192e-01 4.577359101351569648e-01
7.754861520329994207e-01 4.862989967360216159e-01
8.444313494401886055e-01 4.619461613542893419e-01
7.807896287566293836e-01 4.959403986439985257e-01
7.522097819681791142e-01 5.748566134887582724e-01
8.432527990571596632e-01 4.739104561945971517e-01
8.403064230995874739e-01 4.823132674483692206e-01
8.120212139068945234e-01 4.556793921134051351e-01
8.344136711844430954e-01 4.692705238566678982e-01
8.341190335886858875e-01 4.587283064337337457e-01
8.296994696523276591e-01 4.750995732405606242e-01
7.828520919269298384e-01 5.131954734816270847e-01
7.852091926929876120e-01 4.903260793756036295e-01
8.494401885680612496e-01 4.618812247234232449e-01
8.040659988214495790e-01 5.050891646567512439e-01
8.232174425456688649e-01 4.910756454748265720e-01
8.352975839717148299e-01 4.287855704041088067e-01
7.466116676487919435e-01 5.714827916201423719e-01
8.255745433117265275e-01 4.029898941516876221e-01
8.282262816735415090e-01 4.671303182840347290e-01
8.296994696523276591e-01 3.917544944321407763e-01
8.417796110783736241e-01 4.601855768876917385e-01
8.043606364172067869e-01 4.866938152733971124e-01
8.022981732469063321e-01 4.593785527874441610e-01
7.150854449027695958e-01 6.486714517368989963e-01
8.385385975250442270e-01 4.536004592390621148e-01
7.781378903948144021e-01 5.424678842811023749e-01
7.492634060106069249e-01 5.547253375544267673e-01
8.226281673541543382e-01 4.557021970258039456e-01
8.243959929286976962e-01 4.543965379981433905e-01
7.958161461402475378e-01 4.982579473186941610e-01
8.338243959929286797e-01 4.720606383155374064e-01
8.108426635238656921e-01 5.061031650094425238e-01
7.527990571596935299e-01 6.027975476839962932e-01
8.243959929286976962e-01 4.672025512246524848e-01
8.414849734826164163e-01 4.591863041414934177e-01
7.872716558632881778e-01 5.541139788487378093e-01
8.447259870359458134e-01 4.354838255573721395e-01
7.601649970536240586e-01 5.774433235911762274e-01
8.323512080141426406e-01 4.773303901447969455e-01
7.483794932233353014e-01 5.817461671198115303e-01
7.472009428403064701e-01 6.390614807605743408e-01
8.214496169711255069e-01 4.805255619918598620e-01
7.083087802003535938e-01 7.035602322396110608e-01
8.031820860341779555e-01 4.880211668856003771e-01
8.249852681202121119e-01 4.484730134992038764e-01
8.441367118444313977e-01 4.457994129727868571e-01
8.217442545668827147e-01 3.768922484972897502e-01
7.516205067766646986e-01 5.916472664650749280e-01
7.669416617560400606e-01 5.214528134640525892e-01
8.211549793753682991e-01 4.964066787677652859e-01
7.445492044784914887e-01 5.936051081208622016e-01
8.049499116087213135e-01 5.012142368975807116e-01
8.084855627578079185e-01 4.985382066053502537e-01
8.022981732469063321e-01 5.311420156675226156e-01
7.248084855627577872e-01 6.709184348583221436e-01
7.928697701826753486e-01 5.030045596992268608e-01
8.338243959929286797e-01 4.568939182688208089e-01
7.799057159693576491e-01 5.237063362317926352e-01
7.969946965232763691e-01 5.312117899165433865e-01
7.799057159693576491e-01 5.631933957338333130e-01
8.152622274602239205e-01 4.829994641682681111e-01
7.949322333529758033e-01 4.914234867867301459e-01
7.775486152032999865e-01 5.909906923770904541e-01
7.439599292869770730e-01 6.278535364305272148e-01
8.022981732469063321e-01 4.845623505466124525e-01
