2.189157336476134363e-01 1.129028285250944341e+00
2.560400707130229825e-01 1.116500616073608398e+00
2.289334119033588633e-01 1.109188135932473562e+00
3.067177371832645605e-01 1.102432903121499441e+00
3.709487330583382536e-01 1.090796127038843544e+00
4.767236299351797491e-01 1.085211070144877610e+00
4.646434885091337841e-01 1.079056662671706190e+00
5.162050677666469856e-01 1.069987626636729416e+00
5.176782557454331357e-01 1.066351662663852506e+00
5.265173836181497036e-01 1.059796813656302072e+00
5.008839127872716235e-01 1.045221069279838932e+00
5.939893930465527383e-01 1.036952120416304579e+00
5.934001178550383226e-01 1.031803942778531269e+00
6.278727165586328596e-01 1.027798088157878098e+00
6.428992339422510138e-01 1.010767009328393362e+00
6.797289334119033244e-01 1.001222428153542898e+00
6.856216853270477030e-01 9.919311176328098334e-01
7.053624042427814045e-01 9.845364041188183757e-01
7.197996464348851431e-01 9.696523319272434271e-01
7.286387743076015999e-01 9.578111715176526042e-01
7.333529758397171472e-01 9.420445964616888102e-01
7.321744254566883159e-01 9.267593972823199300e-01
7.931644077784325564e-01 9.095129002543056451e-01
7.796110783736004413e-01 8.923188816098606146e-01
7.975839717147907848e-01 8.830820567467633220e-01
7.642899233942250792e-01 8.776209249215967123e-01
7.707719505008838734e-01 8.652185429545009576e-01
8.005303476723629741e-01 8.427818540264578884e-01
8.114319387153801078e-01 8.300990514895495442e-01
8.061284619917501448e-01 8.154066695886499350e-01
8.217442545668827147e-01 8.048006559119504910e-01
8.299941072480848669e-01 7.928804877926322048e-01
8.158515026517383362e-01 7.772803937687593479e-01
8.294048320565704513e-01 7.553797048680922499e-01
8.249852681202121119e-01 7.489374437752891467e-01
8.294048320565704513e-01 7.388654000618878337e-01
8.273423688862698855e-01 7.383690055678872044e-01
8.241013553329404884e-01 7.198236356763278998e-01
8.173246906305244863e-01 7.098841754829182671e-01
8.196817913965821489e-01 7.004604725276722954e-01
7.955215085444903300e-01 6.896798470441032336e-01
8.217442545668827147e-01 6.823359412305495253e-01
7.857984678845020277e-01 6.759177867104025905e-01
7.681202121390688919e-01 6.720887615400201742e-01
8.022981732469063321e-01 6.428314955795512153e-01
8.037713612256923712e-01 6.429827371064353869e-01
7.967000589275191613e-01 6.471624812659095838e-01
7.822628167354154227e-01 6.281094726394204075e-01
7.766647024160282520e-01 6.193153980900260036e-01
7.967000589275191613e-01 6.036741768612581271e-01
7.757807896287566285e-01 6.047248156631693794e-01
8.096641131408367498e-01 5.769440023338093804e-01
7.681202121390688919e-01 5.934025329702040663e-01
7.893341190335886326e-01 5.716830141404095622e-01
7.681202121390688919e-01 5.684172756531659099e-01
7.595757218621096429e-01 5.707938828889060900e-01
7.890394814378314248e-01 5.476188063621520996e-01
7.722451384796700236e-01 5.604846284669988687e-01
7.513258691809074907e-01 5.544668164323357518e-01
7.981732469063052005e-01 5.367049311890321750e-01
7.675309369475544763e-01 5.333876758813858032e-01
7.916912197996464062e-01 5.169387529878055609e-01
7.893341190335886326e-01 5.105717629194259644e-01
7.849145550972304042e-01 5.081657565691891643e-01
7.772539776075426676e-01 4.978114015915814372e-01
8.170300530347672785e-01 4.854530893704470662e-01
7.937536829699469720e-01 4.882256704218247423e-01
8.220388921626399226e-01 4.864423485363231214e-01
7.961107837360047457e-01 4.747720518532921319e-01
8.111373011196228999e-01 4.775985689724193128e-01
8.344136711844430954e-01 4.387070107109406480e-01
8.252799057159693197e-01 4.362969643929425212e-01
8.208603417796110913e-01 4.608165507807451267e-01
8.762522097819681610e-01 4.157527387142181396e-01
8.488509133765468340e-01 4.266396410324994060e-01
8.202710665880966756e-01 4.357267127317540623e-01
8.323512080141426406e-01 4.257764395545510783e-01
8.273423688862698855e-01 4.314854074926937066e-01
8.456098998232174369e-01 4.031265027382794353e-01
8.279316440777843011e-01 4.034582884872661146e-01
8.397171479080730583e-01 3.912802110700046576e-01
8.659398939304655540e-01 3.876438272349974623e-01
8.314672952268709061e-01 3.993878706413157009e-01
8.205657041838538834e-01 4.314213386353324409e-01
8.199764289923394678e-01 4.127457650268779310e-01
8.464938126104890603e-01 3.879277951577130290e-01
8.674130819092515932e-01 3.622543987105874552e-01
8.406010606953446818e-01 3.863146568045896512e-01
7.707719505008838734e-01 4.442353204769246555e-01
8.111373011196228999e-01 3.853855194414363416e-01
8.196817913965821489e-01 3.957015784347758802e-01
9.039481437831466959e-01 3.498539924621582031e-01
8.744843842074249141e-01 3.416231625220355062e-01
8.320565704183854328e-01 3.586132666643928046e-01
8.131997642899233547e-01 3.737253660664838772e-01
8.211549793753682991e-01 3.920715240871204821e-01
8.123158515026517312e-01 3.832438237526837321e-01
8.461991750147318525e-01 3.243706813629935737e-01
7.872716558632881778e-01 4.074955889407326226e-01
8.282262816735415090e-01 3.599205271286122776e-01
8.241013553329404884e-01 3.380582380820723043e-01
8.373600471420152846e-01 3.420680787633447184e-01
8.338243959929286797e-01 3.362358698950094205e-01
8.414849734826164163e-01 3.683690998484106527e-01
8.170300530347672785e-01 3.589484200758092380e-01
8.037713612256923712e-01 3.828439510920468303e-01
8.187978786093105255e-01 3.656892171677421088e-01
8.055391868002357292e-01 3.820870378438164239e-01
8.903948143783146918e-01 3.044236911570324389e-01
9.136711844431349983e-01 2.973558140151640883e-01
8.093694755450795419e-01 3.690620134858524359e-01
8.252799057159693197e-01 3.534347081885618191e-01
7.857984678845020277e-01 4.182035809054094333e-01
8.809664113140837083e-01 3.378098948913462185e-01
8.624042427813789491e-01 3.058856199769413031e-01
8.011196228638773897e-01 3.849642758860307712e-01
7.837360047142015729e-01 4.786485661478603326e-01
9.086623453152622432e-01 2.936243502532734362e-01
8.903948143783146918e-01 3.116717084365732693e-01
8.105480259281083733e-01 3.594411278472227078e-01
8.214496169711255069e-01 3.388123569243094435e-01
8.261638185032410542e-01 3.291875833974164944e-01
8.005303476723629741e-01 3.875526847208247694e-01
8.193871538008249411e-01 3.439753752420930399e-01
7.866823806717737622e-01 4.389664574581034207e-01
8.406010606953446818e-01 3.488233935307054057e-01
8.229228049499116571e-01 3.377324724022079949e-01
8.497348261638184574e-01 3.268381769166273099e-01
8.229228049499116571e-01 3.291190288522664043e-01
8.105480259281083733e-01 3.584008812904357910e-01
8.205657041838538834e-01 3.368197162361705743e-01
8.152622274602239205e-01 3.595462695640675999e-01
8.134944018856805625e-01 3.754143793793285333e-01
8.320565704183854328e-01 3.238823216627625956e-01
9.219210371243370394e-01 2.224637151641004340e-01
8.105480259281083733e-01 3.749933961559744344e-01
7.731290512669416470e-01 6.481932576964882786e-01
8.185032410135533176e-01 3.728415396283654704e-01
8.270477312905126777e-01 3.214952191885779853e-01
9.133765468473776794e-01 3.408524415948811503e-01
8.824395992928697474e-01 3.055049102095996894e-01
7.958161461402475378e-01 5.078804116038715399e-01
8.134944018856805625e-01 3.812265334760441271e-01
8.517972893341190233e-01 2.862053956179058112e-01
8.205657041838538834e-01 3.368398696184158325e-01
8.149675898644667127e-01 4.219147782115375556e-01
8.031820860341779555e-01 4.535858788911034112e-01
8.285209192692987168e-01 3.829167266102397882e-01
8.352975839717148299e-01 3.160660832243807339e-01
7.937536829699469720e-01 5.370319196406532214e-01
8.137890394814378814e-01 3.623539875535404242e-01
7.937536829699469720e-01 4.446587562561035156e-01
8.255745433117265275e-01 3.511457083856358019e-01
8.081909251620507106e-01 3.918040131821352023e-01
8.017088980553919164e-01 4.521607432295294271e-01
8.909840895698291074e-01 2.436976748354294786e-01
8.255745433117265275e-01 3.589644405771704183e-01
8.173246906305244863e-01 3.532018082983353624e-01
8.187978786093105255e-01 3.465380826417137627e-01
8.055391868002357292e-01 4.559032259618534533e-01
7.922804949911608219e-01 4.861678200609543810e-01
8.193871538008249411e-01 3.471230290391865703e-01
8.185032410135533176e-01 3.733781882945229058e-01
9.284030642309958337e-01 2.916528012822656168e-01
8.329404832056570562e-01 3.050235794747577223e-01
8.031820860341779555e-01 4.747252876267713528e-01
7.993517972893341428e-01 7.639951153713113730e-01
8.049499116087213135e-01 4.794995197478462701e-01
8.294048320565704513e-01 3.225688732722226115e-01
8.606364172068355911e-01 2.892814800143241882e-01
8.146729522687095049e-01 3.925928504151456333e-01
7.911019446081319906e-01 4.635905938989975938e-01
9.325279905715969653e-01 1.955227639306993948e-01
8.046552740129641057e-01 4.817339493071331469e-01
8.173246906305244863e-01 4.312699147883583550e-01
8.408956982911018896e-01 3.681594672448494920e-01
8.358868591632292455e-01 3.111797338899444099e-01
8.847967000589275210e-01 2.327360164593247904e-01
8.311726576311136983e-01 4.576177395441952678e-01
8.226281673541543382e-01 3.542572562308872186e-01
8.933411903358868811e-01 2.561580924426807848e-01
8.288155568650560356e-01 3.693511604386217617e-01
8.208603417796110913e-01 3.766673965489162890e-01
8.190925162050677333e-01 5.927491442245595987e-01
8.220388921626399226e-01 3.654444165089550944e-01
8.193871538008249411e-01 4.242658010300467963e-01
8.249852681202121119e-01 3.329230424235848917e-01
8.741897466116675952e-01 2.852731027147349385e-01
8.624042427813789491e-01 2.770281035233946310e-01
8.818503241013553318e-01 2.445143833756446838e-01
9.183853859752504345e-01 2.343367783024030704e-01
8.703594578668237824e-01 2.626022030325496637e-01
8.173246906305244863e-01 3.958574559758691325e-01
9.142604596346494139e-01 2.024781874874058973e-01
8.193871538008249411e-01 3.844955063918057414e-01
8.238067177371832805e-01 3.567866512081202535e-01
7.916912197996464062e-01 6.157596996601890638e-01
9.210371243370654160e-01 2.268036582014139879e-01
8.264584560989982620e-01 3.583531782907597996e-01
8.229228049499116571e-01 3.532188802080996060e-01
