3.550383028874484204e-01 1.122159484554739572e+00
3.497348261638185130e-01 1.111024881110471929e+00
3.585739540365350808e-01 1.105482669437632737e+00
3.541543901001767969e-01 1.094697573605705632e+00
3.562168532704773072e-01 1.086267208351808344e+00
3.571007660577489862e-01 1.079081384574665847e+00
3.671184443134943853e-01 1.070959550492903700e+00
3.662345315262227619e-01 1.067502600305220595e+00
3.697701826753093668e-01 1.063532019362730230e+00
3.727165586328815561e-01 1.061856522279627235e+00
3.833235120801414264e-01 1.052466420566334548e+00
3.768414849734826322e-01 1.054211556911468506e+00
3.768414849734826322e-01 1.049163222312927246e+00
4.060106069534472617e-01 1.040322145994971859e+00
4.225103123158515106e-01 1.035298915470347580e+00
4.195639363582793213e-01 1.032903829041649235e+00
4.428403064230995723e-01 1.018535990925396151e+00
5.014731879787860391e-01 1.020899653434753418e+00
4.248674130819092287e-01 1.022406674483243183e+00
4.829110194460813354e-01 1.009186904220020109e+00
4.649381261048909919e-01 1.002572357654571533e+00
4.740718915733647676e-01 1.013467418796875963e+00
5.515615792575132570e-01 9.893046161707710340e-01
5.489098408956982755e-01 9.978848573039559300e-01
5.869180907483795284e-01 9.786888799246620252e-01
5.724808485562757898e-01 9.772680208963506754e-01
6.205067766647024419e-01 9.723120787564445422e-01
5.604007071302298248e-01 9.719550364157732991e-01
6.116676487919858740e-01 9.543103084844701822e-01
6.252209781968178781e-01 9.431136478396022760e-01
6.019446081319976827e-01 9.512051799718070910e-01
6.140247495580436476e-01 9.461939597831052762e-01
5.771950500883912261e-01 9.348050390972810764e-01
6.051856216853270798e-01 9.295414756326114691e-01
7.174425456688273695e-01 8.993462131303899820e-01
7.192103712433706164e-01 8.969012726755702936e-01
6.390689451974072011e-01 9.201163439189686821e-01
7.136122569239834457e-01 8.817852121942183485e-01
7.404242781378903571e-01 8.699760962935054742e-01
6.632292280494991310e-01 8.819462551790124838e-01
6.614614024749557730e-01 8.868772527750801160e-01
6.870948733058338531e-01 8.800230429453008707e-01
7.554507955215085113e-01 8.477490491726819011e-01
6.756040070713023038e-01 8.665303850875181180e-01
7.395403653506187336e-01 8.386393855599796332e-01
7.522097819681791142e-01 8.254464303745943088e-01
7.905126694166175749e-01 7.973571595023659642e-01
7.713612256923984001e-01 8.076392166754778890e-01
7.180318208603417851e-01 8.260645112570594861e-01
7.413081909251620916e-01 8.164175187840181369e-01
6.826753093694755137e-01 8.369748960523044623e-01
8.344136711844430954e-01 7.553374697180355035e-01
7.925751325869181407e-01 7.401178742156309109e-01
7.619328226281673055e-01 7.715290416689479791e-01
7.625220978196818322e-01 7.799462132594164876e-01
7.869770182675309700e-01 7.611133210799273519e-01
8.308780200353564904e-01 6.918633597738602647e-01
7.704773129051266656e-01 7.345527024830088569e-01
7.625220978196818322e-01 7.590465756023631050e-01
7.922804949911608219e-01 7.227012041737052028e-01
8.182086034177961098e-01 6.839245101984809949e-01
8.252799057159693197e-01 6.613120296422172473e-01
7.884502062463170091e-01 6.845481132759767551e-01
8.002357100766057663e-01 6.919113572906044896e-01
8.073070123747789761e-01 6.660760483321022107e-01
8.025928108426635399e-01 6.610986380016102837e-01
8.031820860341779555e-01 6.600125782630023030e-01
8.358868591632292455e-01 6.175152343862196913e-01
8.002357100766057663e-01 6.516164453590617134e-01
8.223335297583971304e-01 6.566927731037139893e-01
8.223335297583971304e-01 6.227994701441597059e-01
8.046552740129641057e-01 6.300172630478354519e-01
8.238067177371832805e-01 5.888340034905601428e-01
8.002357100766057663e-01 6.423460578217226047e-01
8.111373011196228999e-01 5.841468730393577502e-01
8.143783146729522970e-01 5.921359588118160211e-01
8.232174425456688649e-01 5.816479693440830268e-01
7.869770182675309700e-01 6.256935315973618517e-01
8.199764289923394678e-01 5.623630679705563518e-01
8.067177371832645605e-01 5.886590761296889296e-01
8.270477312905126777e-01 5.423686960164237902e-01
8.429581614614024554e-01 5.448017795296276056e-01
8.161461402474955440e-01 5.494112705483156223e-01
8.102533883323511654e-01 5.531162426752203043e-01
7.919858573954036141e-01 5.502912191783680962e-01
7.908073070123747828e-01 5.589428885894662802e-01
8.140836770771950892e-01 5.364519480396719997e-01
8.179139658220389020e-01 5.346831179717007609e-01
8.326458456098998484e-01 5.423053371555665025e-01
7.996464348850913506e-01 5.352695400224012356e-01
8.049499116087213135e-01 5.212814527399399767e-01
8.255745433117265275e-01 4.915974376832737414e-01
8.382439599292870192e-01 4.925391831818748956e-01
8.459045374189746447e-01 4.909284377799314480e-01
8.568061284619917783e-01 4.747406454647288832e-01
8.335297583971714719e-01 4.856764910852207628e-01
8.361814967589864533e-01 5.024035406463286391e-01
7.955215085444903300e-01 5.035547982243930853e-01
7.993517972893341428e-01 5.102823271470910971e-01
8.591632292280495520e-01 4.465136869865305447e-01
8.220388921626399226e-01 5.154749786152559299e-01
8.329404832056570562e-01 4.785287231206893921e-01
8.070123747790217683e-01 4.804474974379819852e-01
8.320565704183854328e-01 4.728426766746184340e-01
7.896287566293459514e-01 5.297831665067112006e-01
8.523865645256334389e-01 4.700760332977070299e-01
8.453152622274602290e-01 4.704794033485300564e-01
8.850913376546847289e-01 4.249961069401572700e-01
8.609310548025927989e-01 4.325972348451614380e-01
8.182086034177961098e-01 4.817972849397098578e-01
8.571007660577489862e-01 4.421978557811063748e-01
8.771361225692397845e-01 4.084960415082819485e-01
8.738951090159103874e-01 4.244984528597663398e-01
8.559222156747200438e-01 4.466115823563407417e-01
8.771361225692397845e-01 4.149389652644886461e-01
8.243959929286976962e-01 4.728466114577125068e-01
8.285209192692987168e-01 4.947721353348563667e-01
8.624042427813789491e-01 4.112390253473730550e-01
8.685916322922805355e-01 4.289238189949708957e-01
8.700648202710665746e-01 4.134211566518334879e-01
8.520919269298762311e-01 4.390483770300360189e-01
8.432527990571596632e-01 4.429330159636104547e-01
8.677077195050088010e-01 4.146863283479915174e-01
8.756629345904537454e-01 3.996699759188820367e-01
8.464938126104890603e-01 4.459421932697296143e-01
8.329404832056570562e-01 4.775875605204525920e-01
8.591632292280495520e-01 4.227412395617541341e-01
8.886269888037713338e-01 3.980464926537345405e-01
8.883323512080141260e-01 3.909557540627086603e-01
8.774307601649971033e-01 4.068727528347688693e-01
8.765468473777253688e-01 3.719120051930932536e-01
8.774307601649971033e-01 4.079845635329975573e-01
8.942251031231585046e-01 4.146901579464183363e-01
8.688862698880377433e-01 4.121908685740302558e-01
8.856806128461991445e-01 3.940392561695155171e-01
8.818503241013553318e-01 3.785153197891572008e-01
8.830288744843841631e-01 3.962914882337345568e-01
8.983500294637595252e-01 3.642429332522785224e-01
8.656452563347083462e-01 4.001019307795692925e-01
8.977607542722451095e-01 3.682926095583859416e-01
9.024749558043606568e-01 3.523890069302390571e-01
8.541543901001767969e-01 4.115679009872324490e-01
8.765468473777253688e-01 4.092935472726821899e-01
8.420742486741308319e-01 4.055157864795011502e-01
8.573954036535061940e-01 4.288690353141111355e-01
8.839127872716558976e-01 3.823825896662824131e-01
8.538597525044195891e-01 4.212880993590635281e-01
8.685916322922805355e-01 3.642357898985638109e-01
8.927519151443724654e-01 3.782365707790150133e-01
8.662345315262227619e-01 3.870239056208554240e-01
8.506187389510901919e-01 3.996680431506213216e-01
8.762522097819681610e-01 3.834430075743618938e-01
8.043606364172067869e-01 4.517048036350923557e-01
8.506187389510901919e-01 4.378367548479753513e-01
8.880377136122569182e-01 3.851839856189839817e-01
8.682969946965233277e-01 3.988109248525956163e-01
7.728344136711844392e-01 5.718351471073487291e-01
8.459045374189746447e-01 4.071806555285173435e-01
8.721272834413671404e-01 4.073086696512558946e-01
8.809664113140837083e-01 3.741439348634551521e-01
8.123158515026517312e-01 4.840863662607529649e-01
8.791985857395403503e-01 3.952933676979121236e-01
8.526812021213906467e-01 4.343792463050168973e-01
6.753093694755450960e-01 8.223583575557259495e-01
8.759575721862109532e-01 3.523643411257687541e-01
6.974071891573364601e-01 6.913982770022224500e-01
8.305833824395992826e-01 4.850436650654849080e-01
8.741897466116675952e-01 3.433685618288376817e-01
8.880377136122569182e-01 3.585072247421040026e-01
8.314672952268709061e-01 4.783082122311872464e-01
8.341190335886858875e-01 4.809337468708262953e-01
8.621096051856216302e-01 3.704386335961958876e-01
8.582793164407778175e-01 4.038291205378139459e-01
8.794932233352975581e-01 3.463515516589669718e-01
8.909840895698291074e-01 3.485095010084264255e-01
8.971714790807306938e-01 3.668366267400629543e-01
8.509133765468473998e-01 4.494433762396083387e-01
8.635827931644077804e-01 4.003110387746025567e-01
8.830288744843841631e-01 3.624677307465496989e-01
8.968768414849734860e-01 3.439385071396827698e-01
8.865645256334708790e-01 3.535820013459990974e-01
8.347083087802003032e-01 4.357646247919867988e-01
8.883323512080141260e-01 3.428957953172571682e-01
7.955215085444903300e-01 4.778031592859941501e-01
8.450206246317030212e-01 4.568111528368556939e-01
8.765468473777253688e-01 3.787870231796713338e-01
8.624042427813789491e-01 4.194820549558190836e-01
8.532704773129051734e-01 4.331585874452310581e-01
8.791985857395403503e-01 3.360567767830455743e-01
8.435474366529168710e-01 4.244496419149286770e-01
8.783146729522687268e-01 3.580833287800059828e-01
8.809664113140837083e-01 3.524745847372448004e-01
8.777253977607543112e-01 3.632293702924953016e-01
8.845020624631703132e-01 3.536720556371352187e-01
8.845020624631703132e-01 3.595663138172205953e-01
8.789039481437831425e-01 3.616481717018520392e-01
8.789039481437831425e-01 3.260403669932309123e-01
9.089569829110194510e-01 3.430770061471882793e-01
8.786093105480259347e-01 3.381357057129635302e-01
8.635827931644077804e-01 3.478520727332900520e-01
