3.320565704183853772e-01 1.083144868121427740e+00
3.326458456098998484e-01 1.075457713183234798e+00
3.476723629935179471e-01 1.060409696663127121e+00
3.662345315262227619e-01 1.045866401756510911e+00
4.166175604007071320e-01 1.040751523831311420e+00
4.555097230406600084e-01 1.027106018627391038e+00
5.156157925751325699e-01 1.011265624971950716e+00
5.371243370654095184e-01 1.005087458035525128e+00
5.804360636417207342e-01 9.898615724900189372e-01
5.910430170889805490e-01 9.882380068302154541e-01
5.677666470241602426e-01 9.832370281219482422e-01
6.378903948143783698e-01 9.621674453510957736e-01
6.735415439010017380e-01 9.503126442432403564e-01
6.700058927519151331e-01 9.429751003489774686e-01
6.800235710076605322e-01 9.325215273043688802e-01
7.345315262227459785e-01 9.281001774703755425e-01
7.424867413081909229e-01 9.086497163071352023e-01
7.690041249263406264e-01 8.994569340172935412e-01
7.495580436063641327e-01 8.994849219041711752e-01
7.763700648202710441e-01 8.768983535906847981e-01
7.967000589275191613e-01 8.613488849471596653e-01
7.793164407778432334e-01 8.693849163896897325e-01
7.916912197996464062e-01 8.422430070007548286e-01
8.140836770771950892e-01 8.435627625269048746e-01
8.164407778432527518e-01 8.239506535670336751e-01
8.800824985268119738e-01 7.949194820488200142e-01
8.494401885680612496e-01 7.903612957281225260e-01
8.597525044195639676e-01 7.829035783515256863e-01
8.797878609310547660e-01 7.701917413403006618e-01
8.562168532704773627e-01 7.706729559337391899e-01
8.794932233352975581e-01 7.455452049479764920e-01
8.744843842074249141e-01 7.601082921028137207e-01
8.977607542722451095e-01 7.277722043149611464e-01
8.818503241013553318e-01 7.078154630520764323e-01
8.945197407189157124e-01 7.059335691087386122e-01
8.624042427813789491e-01 7.073537672267240506e-01
8.715380082498527248e-01 6.930604279041290283e-01
9.136711844431349983e-01 6.714470859836129124e-01
8.674130819092515932e-01 6.761602180845597276e-01
8.600471420153211755e-01 6.745220264967750623e-01
8.618149675898644224e-01 6.431109063765582112e-01
8.571007660577489862e-01 6.416687036261838895e-01
8.694755450795521590e-01 6.214248555548050890e-01
8.680023571007660088e-01 6.166870699209325846e-01
8.541543901001767969e-01 6.086709622074576442e-01
8.544490276959340047e-01 6.281875108971315402e-01
8.526812021213906467e-01 5.989403707139632216e-01
8.674130819092515932e-01 5.693164222380694417e-01
8.700648202710665746e-01 5.623151572311625435e-01
8.591632292280495520e-01 5.787637496695798855e-01
8.647613435474366117e-01 5.409017187707564345e-01
8.644667059516794039e-01 5.381913544500575020e-01
8.603417796110783833e-01 5.411171194385079319e-01
8.697701826753093668e-01 5.163233367835774468e-01
8.638774307601649882e-01 5.342839526779511461e-01
8.529758397171478546e-01 5.319431652041042291e-01
8.509133765468473998e-01 5.186700829688239978e-01
8.665291691219799697e-01 4.893111323609071750e-01
8.526812021213906467e-01 5.174002226661232884e-01
8.535651149086623812e-01 5.092925341690287544e-01
8.535651149086623812e-01 5.077522107783485339e-01
8.482616381850324183e-01 4.837229497292462321e-01
8.482616381850324183e-01 4.894604630330029460e-01
8.609310548025927989e-01 4.768053433474372382e-01
8.512080141426046076e-01 4.908894344287760281e-01
8.520919269298762311e-01 4.779890328645706177e-01
8.579846788450206096e-01 4.657616352333742160e-01
8.547436652916912125e-01 4.628514910445493680e-01
8.473777253977607948e-01 4.604846396866966729e-01
8.553329404832056282e-01 4.623659875463037028e-01
8.503241013553329841e-01 4.534749967210432997e-01
8.565114908662345705e-01 4.349063845241771253e-01
8.385385975250442270e-01 4.693741228650598063e-01
8.515026517383618154e-01 4.601014230181189046e-01
8.529758397171478546e-01 4.438657331116059312e-01
8.461991750147318525e-01 4.752186484196606608e-01
8.517972893341190233e-01 4.408554005272248277e-01
8.461991750147318525e-01 4.720561197575400825e-01
8.435474366529168710e-01 4.568524702506907009e-01
8.444313494401886055e-01 4.631848107366001166e-01
8.423688862698880397e-01 4.369364827871322632e-01
8.512080141426046076e-01 4.194353959139655585e-01
8.494401885680612496e-01 4.216349913793451809e-01
8.417796110783736241e-01 4.490284718134823772e-01
8.526812021213906467e-01 4.406115894808488864e-01
8.432527990571596632e-01 4.649285630268208958e-01
8.476723629935180027e-01 4.399816393852233887e-01
8.429581614614024554e-01 4.283173680305480957e-01
8.497348261638184574e-01 4.402141649933422052e-01
8.394225103123158505e-01 4.219008868231493015e-01
8.388332351208014348e-01 4.456304250394596544e-01
8.288155568650560356e-01 4.624531058704151598e-01
8.179139658220389020e-01 5.130663794629714003e-01
8.397171479080730583e-01 4.340971550520728583e-01
8.350029463759576220e-01 4.439542468856362833e-01
8.423688862698880397e-01 4.166745262987473497e-01
8.459045374189746447e-01 3.895975368864396104e-01
8.341190335886858875e-01 4.399986039189731635e-01
8.361814967589864533e-01 4.394706233459360623e-01
8.279316440777843011e-01 4.709401709191939345e-01
8.296994696523276591e-01 4.599411610294790731e-01
8.296994696523276591e-01 4.754680333768619982e-01
8.370654095462580768e-01 4.146776085390764255e-01
8.411903358868592084e-01 4.207269838627646918e-01
8.267530936947554698e-01 4.620792620322283772e-01
8.394225103123158505e-01 4.129426637116600518e-01
8.296994696523276591e-01 4.627442491405150404e-01
8.282262816735415090e-01 4.263804747777826809e-01
8.205657041838538834e-01 4.328690066057093166e-01
8.226281673541543382e-01 4.812395230812184788e-01
8.403064230995874739e-01 3.995692510815227472e-01
8.288155568650560356e-01 4.602837834288092123e-01
8.252799057159693197e-01 4.133750314221662503e-01
8.397171479080730583e-01 4.514335411436417589e-01
8.226281673541543382e-01 4.800720135955249823e-01
8.164407778432527518e-01 5.023775723050621922e-01
8.358868591632292455e-01 4.085783677942612657e-01
8.285209192692987168e-01 4.307074494221631022e-01
8.087802003535651263e-01 4.831708459293140856e-01
7.975839717147907848e-01 5.577366764054578763e-01
7.999410724808485584e-01 4.990393852486330051e-01
7.810842663523865914e-01 5.820062809130724935e-01
8.099587507365939576e-01 4.878568482749602309e-01
8.176193282262816941e-01 4.782556365518009223e-01
8.305833824395992826e-01 4.319302650058970960e-01
8.296994696523276591e-01 4.228000097415026692e-01
8.187978786093105255e-01 4.759534439619849677e-01
8.246906305244549040e-01 4.505271078909144911e-01
8.108426635238656921e-01 4.383450019008973131e-01
8.058338243959929370e-01 4.316173160777372342e-01
8.126104890984089391e-01 4.742699081406873685e-01
8.226281673541543382e-01 4.105008849326302056e-01
8.270477312905126777e-01 4.607546171721290107e-01
8.205657041838538834e-01 4.919063019401886949e-01
8.002357100766057663e-01 5.170715389882817314e-01
8.155568650559811283e-01 4.972624559612834894e-01
8.155568650559811283e-01 4.906682442216312445e-01
7.009428403064230650e-01 8.148807269685408583e-01
6.007660577489687403e-01 1.229283436256296547e+00
8.223335297583971304e-01 4.548563746845020739e-01
8.338243959929286797e-01 4.222136087277356120e-01
8.179139658220389020e-01 4.802563628729651923e-01
8.131997642899233547e-01 5.126390492214876193e-01
8.176193282262816941e-01 4.624797281096963419e-01
8.093694755450795419e-01 5.103647866669822619e-01
7.925751325869181407e-01 5.585285232347600992e-01
8.267530936947554698e-01 4.081031794057172757e-01
6.508544490276959582e-01 9.009922655189738228e-01
8.081909251620507106e-01 5.210283486282124565e-01
7.586918090748379084e-01 5.609873726087457602e-01
8.190925162050677333e-01 4.623827846611247572e-01
8.202710665880966756e-01 4.591743726940715753e-01
7.964054213317619535e-01 5.525223209577447836e-01
8.052445492044785214e-01 5.342071766362470608e-01
8.464938126104890603e-01 4.222385410000296102e-01
8.305833824395992826e-01 4.084142249296693339e-01
8.040659988214495790e-01 4.960086249253329305e-01
8.190925162050677333e-01 5.184215745505165174e-01
8.379493223335298113e-01 4.038588536136290541e-01
8.102533883323511654e-01 5.133910661234575290e-01
8.155568650559811283e-01 4.588166221099741482e-01
8.149675898644667127e-01 4.567839056253433228e-01
8.688862698880377433e-01 3.419242676566628947e-01
7.969946965232763691e-01 5.275479248341392591e-01
8.064230995875073527e-01 5.295291954980176907e-01
7.952268709487330112e-01 5.271222337203866903e-01
7.421921037124337150e-01 7.511900961399078369e-01
8.173246906305244863e-01 4.346717867781134115e-01
7.860931054802592355e-01 5.251493743237327649e-01
8.288155568650560356e-01 4.052316143232233547e-01
8.049499116087213135e-01 4.840068510350059028e-01
7.961107837360047457e-01 4.928595476290759114e-01
7.657631113730112293e-01 6.452667537857504909e-01
8.326458456098998484e-01 4.371269213802674303e-01
8.037713612256923712e-01 5.007403527989107150e-01
7.952268709487330112e-01 4.969839453697204590e-01
8.161461402474955440e-01 4.567423997556461779e-01
8.131997642899233547e-01 4.337735684478984388e-01
8.034767236299351634e-01 5.198699086904525757e-01
8.099587507365939576e-01 4.705718299921821113e-01
8.299941072480848669e-01 4.486868889892802748e-01
8.046552740129641057e-01 4.841026891680324518e-01
8.078962875662935028e-01 5.264976121046963664e-01
8.149675898644667127e-01 5.083243128131417210e-01
8.034767236299351634e-01 5.115940456881242770e-01
7.598703594578668508e-01 6.145351239863563464e-01
8.320565704183854328e-01 4.421461987144806871e-01
8.208603417796110913e-01 4.389782039558186022e-01
8.087802003535651263e-01 5.249297145534964626e-01
8.352975839717148299e-01 4.524853071745704169e-01
7.996464348850913506e-01 5.302422195672988892e-01
8.073070123747789761e-01 4.669577330350875854e-01
8.246906305244549040e-01 4.802642140318365560e-01
8.155568650559811283e-01 5.230422677362666084e-01
8.376546847377724925e-01 4.102916033828959974e-01
8.131997642899233547e-01 4.602587753359009271e-01
7.990571596935769350e-01 5.162676467615014975e-01
8.329404832056570562e-01 4.256020328577826972e-01
8.223335297583971304e-01 4.685932564384797105e-01
8.299941072480848669e-01 4.581071725663016792e-01
