4.292869770182675127e-01 1.080713384291704937e+00
4.976428992339422264e-01 1.065507639856899447e+00
5.468473777253977097e-01 1.053243966663584885e+00
5.668827342368886191e-01 1.051668903406928646e+00
6.152032999410724790e-01 1.039250300211064904e+00
6.152032999410724790e-01 1.033594033297370540e+00
6.387743076016499932e-01 1.022561851669760324e+00
6.426045963464938060e-01 1.010009192368563458e+00
6.337654684737772381e-01 1.003169720663743769e+00
6.287566293459044831e-01 9.969182522857890083e-01
6.296405421331762176e-01 9.911616216687595404e-01
6.322922804949911990e-01 9.858520521837121908e-01
6.322922804949911990e-01 9.680252338156980496e-01
6.255156157925750859e-01 9.620873437208288248e-01
6.328815556865056147e-01 9.582525579368367241e-01
6.361225692398350118e-01 9.487149610238916342e-01
6.263995285798468204e-01 9.369862535420585559e-01
6.364172068355922196e-01 9.283765046035542534e-01
6.352386564525633883e-01 9.278501307263093967e-01
6.314083677077194645e-01 9.113489547196556018e-01
6.381850324101355776e-01 8.997365919982686089e-01
6.319976428992339912e-01 8.924879519378438042e-01
6.393635827931644089e-01 8.782195185913759250e-01
6.393635827931644089e-01 8.810025032828835423e-01
6.346493812610488616e-01 8.585497193476733235e-01
6.373011196228638431e-01 8.609575804542092259e-01
6.343547436652916538e-01 8.553904522867763482e-01
6.296405421331762176e-01 8.486061551991630481e-01
6.266941661756040283e-01 8.373155295848846436e-01
6.205067766647024419e-01 8.279051079469568197e-01
6.213906894519740653e-01 8.255983959226047553e-01
6.219799646434884810e-01 8.238322612117318089e-01
6.210960518562168575e-01 8.139938396566054335e-01
6.166764879198586291e-01 8.140624410965863200e-01
6.163818503241013103e-01 8.105199109105503119e-01
6.178550383028874604e-01 8.017028815606060954e-01
6.063641720683559111e-01 8.139171793180353109e-01
6.125515615792574975e-01 8.000319249489727946e-01
6.072480848556275346e-01 8.061007313868578938e-01
6.093105480259281004e-01 7.948060263605678522e-01
6.090159104301708926e-01 7.957565416308010064e-01
6.075427224513847424e-01 7.998357537914725368e-01
6.084266352386564769e-01 7.995429652578690538e-01
6.040070713022981375e-01 7.915400845163008681e-01
6.075427224513847424e-01 7.962784346412209446e-01
6.069534472598703267e-01 7.976990885594311687e-01
6.048909840895698720e-01 8.081175737521227864e-01
6.051856216853270798e-01 8.094907753607806233e-01
6.028285209192693062e-01 8.045582455747267714e-01
6.137301119622864398e-01 8.038936204770031901e-01
6.107837360047142505e-01 8.056644744732800456e-01
5.998821449616971169e-01 8.207020356374628012e-01
5.978196817913965511e-01 8.204223951872657850e-01
6.048909840895698720e-01 8.417072261081022244e-01
5.931054802592811148e-01 8.370124189292683647e-01
6.157925751325868946e-01 7.990231215953826904e-01
5.963464938126105119e-01 8.188781422727248183e-01
6.137301119622864398e-01 8.122261482126572618e-01
6.116676487919858740e-01 8.217931056723875027e-01
6.084266352386564769e-01 8.165300681310541098e-01
6.131408367707719131e-01 8.376741374240201932e-01
6.157925751325868946e-01 8.206165205029880561e-01
6.275780789628756517e-01 8.542630058877608290e-01
6.263995285798468204e-01 8.322116925435907309e-01
6.314083677077194645e-01 8.886799338985892360e-01
6.322922804949911990e-01 8.555616403327268582e-01
6.199175014731880262e-01 8.794543006840873645e-01
6.302298173246906332e-01 9.012767094023087511e-01
6.317030053034766723e-01 8.510182517416337022e-01
6.434885091337654295e-01 8.396264577613157254e-01
6.343547436652916538e-01 8.886565934209262885e-01
6.314083677077194645e-01 9.352950944620019857e-01
6.317030053034766723e-01 8.599494502824895914e-01
6.355332940483205961e-01 9.010667502880096436e-01
6.361225692398350118e-01 8.847398389788234674e-01
6.314083677077194645e-01 8.573255749309763862e-01
6.378903948143783698e-01 8.663036542780259142e-01
6.493812610489098081e-01 8.182574571932063057e-01
6.384796700058927854e-01 8.991278059342328044e-01
6.364172068355922196e-01 9.001366566209232367e-01
6.364172068355922196e-01 9.329194163574892062e-01
6.482027106658809767e-01 8.905222696416518202e-01
6.387743076016499932e-01 8.922382365254795111e-01
6.420153211549793904e-01 9.295059600297141955e-01
6.373011196228638431e-01 9.240977553760304497e-01
6.423099587507365982e-01 9.594749282388126410e-01
6.399528579846788245e-01 9.225690838168648655e-01
6.426045963464938060e-01 8.731744166682747776e-01
6.340601060695344460e-01 9.352992177009582520e-01
6.458456098998232031e-01 1.007060541826136024e+00
6.502651738361815426e-01 9.339784085750579834e-01
6.399528579846788245e-01 9.465274337460013454e-01
6.399528579846788245e-01 9.471969639553743381e-01
6.479080730701237689e-01 9.443602141212014134e-01
6.293459045374190097e-01 9.695890966583701198e-01
6.314083677077194645e-01 1.053313190446180547e+00
6.467295226870948266e-01 1.149841532987706749e+00
6.334708308780200303e-01 9.719288541990167563e-01
6.402474955804360324e-01 1.074466843815410799e+00
6.479080730701237689e-01 9.840276486733380290e-01
6.443724219210371640e-01 9.819328223957735080e-01
6.337654684737772381e-01 1.036694868522531898e+00
6.337654684737772381e-01 9.860192870392519016e-01
6.384796700058927854e-01 1.026033755610970877e+00
6.296405421331762176e-01 9.877265779411091851e-01
6.311137301119622567e-01 1.055571740164476191e+00
6.526222746022392052e-01 1.056379926555296889e+00
6.396582203889216167e-01 1.052462181624244320e+00
6.482027106658809767e-01 1.050652984310598947e+00
6.272834413671184439e-01 1.075704632436528030e+00
6.434885091337654295e-01 1.071158072527717220e+00
6.431938715380082217e-01 1.010293383808696932e+00
6.517383618149675817e-01 1.165633196339887823e+00
6.487919858573953924e-01 1.083501083009383192e+00
6.426045963464938060e-01 1.028091139653149799e+00
6.408367707719504480e-01 9.986132435938891438e-01
6.420153211549793904e-01 1.041194358292747868e+00
6.284619917501472752e-01 1.144743048092898174e+00
6.375957572186210509e-01 1.174680886899723831e+00
6.266941661756040283e-01 1.159886451328501877e+00
6.311137301119622567e-01 1.103421370772754484e+00
6.396582203889216167e-01 1.072388007360346229e+00
6.319976428992339912e-01 1.172212006414637742e+00
6.767825574543311351e-01 1.051563948392868042e+00
6.137301119622864398e-01 1.093634889406316368e+00
6.387743076016499932e-01 9.913917289060705240e-01
6.440777843252799562e-01 1.151642252417171663e+00
6.440777843252799562e-01 1.081701830906026451e+00
6.314083677077194645e-01 1.146395064452115253e+00
6.614614024749557730e-01 1.177433990380343243e+00
6.216853270477312732e-01 1.104728272732566463e+00
6.317030053034766723e-01 1.160424269297543720e+00
6.337654684737772381e-01 1.150950924438588707e+00
6.378903948143783698e-01 1.166218010818257156e+00
6.647024160282851701e-01 1.337599596556495296e+00
6.305244549204478410e-01 1.291307403760797889e+00
6.414260459634649747e-01 1.202802924548878494e+00
6.293459045374190097e-01 1.166428131215712538e+00
6.411314083677077669e-01 1.219855227891136540e+00
6.349440188568061805e-01 1.266545339542276771e+00
6.390689451974072011e-01 1.439168281414929584e+00
6.373011196228638431e-01 1.203724279123194130e+00
6.308190925162050489e-01 1.236753312980427566e+00
6.343547436652916538e-01 1.234014556688420861e+00
6.461402474955804109e-01 1.116856420741361822e+00
6.405421331761932402e-01 1.223893638919381521e+00
6.490866234531526002e-01 1.137585994075326346e+00
6.511490866234531660e-01 1.182876553605584524e+00
6.402474955804360324e-01 1.208295420688741295e+00
6.367118444313494274e-01 1.356401192791321764e+00
6.314083677077194645e-01 1.260484691928414724e+00
6.290512669416618019e-01 1.195800719892277542e+00
6.296405421331762176e-01 1.189685991581748592e+00
6.490866234531526002e-01 1.151170667480019949e+00
6.573364761343547524e-01 1.286421668880125990e+00
6.219799646434884810e-01 1.364655953996321669e+00
6.375957572186210509e-01 1.248978946138830759e+00
6.691219799646435096e-01 9.315546751022338867e-01
5.819092516205067733e-01 1.275072513257756057e+00
5.883912787271655676e-01 1.397538858301499376e+00
6.538008249852681475e-01 1.294161486275055895e+00
6.355332940483205961e-01 1.429273219669566330e+00
6.334708308780200303e-01 1.258638781659743300e+00
6.470241602828521454e-01 1.226592095459208664e+00
6.434885091337654295e-01 1.295058485339669607e+00
6.399528579846788245e-01 1.254405694849350938e+00
6.381850324101355776e-01 1.279364205458584980e+00
6.361225692398350118e-01 1.294486066874335872e+00
6.552740129640541866e-01 1.147297792574938580e+00
6.396582203889216167e-01 1.300728026558371164e+00
6.393635827931644089e-01 1.225695399677052322e+00
6.255156157925750859e-01 1.306710418532876394e+00
6.540954625810253553e-01 1.306159820626763723e+00
6.538008249852681475e-01 1.138790260342990690e+00
6.579257513258691681e-01 1.186690770527895733e+00
6.502651738361815426e-01 1.300562823519987310e+00
6.352386564525633883e-01 1.388519280097063824e+00
6.384796700058927854e-01 1.349205746370203407e+00
6.399528579846788245e-01 1.351561521782594477e+00
6.446670595167943718e-01 1.358389940331963919e+00
6.499705362404242237e-01 1.385377438629374680e+00
6.434885091337654295e-01 1.319801297257928274e+00
6.408367707719504480e-01 1.330260949976304063e+00
6.473187978786093533e-01 1.326312222901512516e+00
6.384796700058927854e-01 1.433162783875184809e+00
6.370064820271066353e-01 1.537856319371391667e+00
6.487919858573953924e-01 1.365949255578658095e+00
6.529169121979964130e-01 1.340042517465703575e+00
6.378903948143783698e-01 1.393354263375787161e+00
6.319976428992339912e-01 1.395844051066566838e+00
6.346493812610488616e-01 1.396446550593656744e+00
6.396582203889216167e-01 1.346878097337834923e+00
6.440777843252799562e-01 1.317230764557333567e+00
6.393635827931644089e-01 1.374514383428236952e+00
6.443724219210371640e-01 1.076115390833686458e+00
6.402474955804360324e-01 1.358870902482200993e+00
6.428992339422510138e-01 1.385704578722224412e+00
6.726576311137301145e-01 1.311352233676349455e+00
6.317030053034766723e-01 1.390476668582243169e+00
6.411314083677077669e-01 1.354524668525247000e+00
