3.517972893341190233e-01 1.143260608701144987e+00
3.520919269298762311e-01 1.135879071319804368e+00
3.523865645256334944e-01 1.130340369308695969e+00
3.573954036535061940e-01 1.120005954714382357e+00
3.603417796110783833e-01 1.114292891586528000e+00
3.573954036535061940e-01 1.106293240014244450e+00
3.506187389510901364e-01 1.095918830703286551e+00
3.388332351208014348e-01 1.084190280998454270e+00
3.394225103123158505e-01 1.073704460087944401e+00
3.400117855038302661e-01 1.074282242971308143e+00
3.417796110783736241e-01 1.063588289653553787e+00
3.691809074837949511e-01 1.046828739783343121e+00
3.727165586328815561e-01 1.044271413017721750e+00
3.974661166764879017e-01 1.032598484964931673e+00
3.850913376546847289e-01 1.039564704193788325e+00
3.948143783146729757e-01 1.031322759740492812e+00
4.045374189746611671e-01 1.016715772011700825e+00
4.286977018267530970e-01 1.012544298873228277e+00
4.325279905715969098e-01 1.010342417394413772e+00
4.334119033588685888e-01 1.003139420467264564e+00
4.505008839127872533e-01 9.979563074953415880e-01
4.499116087212728377e-01 9.950167624389424370e-01
4.890984089569829218e-01 9.790909553275388699e-01
4.634649381261048973e-01 9.846670417224659966e-01
5.029463759575721893e-01 9.663540475508746175e-01
5.044195639363582284e-01 9.615971954429850532e-01
5.126694166175603806e-01 9.573912813382989828e-01
4.755450795521508622e-01 9.712112230413100233e-01
5.356511490866234793e-01 9.430424395729514186e-01
5.303476723629935163e-01 9.354949155274558947e-01
4.867413081909251482e-01 9.537665405694175647e-01
5.173836181496759279e-01 9.423561762360965766e-01
5.589275191514436747e-01 9.210387257968678520e-01
5.615792575132586562e-01 9.198012737666859673e-01
5.403653506187389155e-01 9.286445449380313910e-01
5.394814378314672920e-01 9.272802612360786512e-01
5.506776664702416335e-01 9.072670235353357260e-01
5.645256334708308454e-01 9.040850488578572319e-01
5.618738951090158640e-01 8.983772782718434380e-01
5.668827342368886191e-01 9.088839906103470812e-01
5.713022981732469585e-01 8.932476972832399387e-01
5.898644667059517177e-01 8.604491230319527562e-01
5.810253388332351498e-01 8.822792803539949436e-01
5.945786682380671540e-01 8.491800146944382677e-01
5.880966411314083597e-01 8.611438589937546739e-01
5.898644667059517177e-01 8.724089264869689941e-01
6.025338833235120983e-01 8.508174752487855930e-01
5.922215674720093803e-01 8.540816394721760796e-01
6.172657631113730448e-01 8.551328673082239096e-01
6.125515615792574975e-01 8.400444020243251764e-01
6.202121390689452340e-01 8.522539875086616590e-01
6.004714201532115325e-01 8.951843240681816027e-01
6.243370654095462546e-01 8.713581211426678630e-01
6.343547436652916538e-01 8.335395770914414415e-01
6.272834413671184439e-01 8.032575109425712512e-01
6.399528579846788245e-01 8.104470810469459607e-01
6.367118444313494274e-01 8.054892210399403618e-01
6.431938715380082217e-01 7.874416042776668512e-01
6.487919858573953924e-01 8.041496276855468750e-01
6.378903948143783698e-01 8.234719756771536892e-01
6.588096641131407916e-01 7.833466670092414930e-01
6.623453152622275075e-01 7.716675155303057698e-01
6.423099587507365982e-01 8.284153780516456678e-01
6.947554507955214786e-01 7.396820678430444662e-01
7.156747200942840115e-01 7.390257190255558051e-01
6.988803771361226103e-01 7.600713968276977539e-01
6.909251620506776659e-01 7.940726437989402697e-01
6.859163229228049108e-01 7.943142512265373156e-01
7.074248674130818593e-01 7.339671727489022190e-01
6.906305244549204581e-01 8.171959273955401448e-01
7.336476134354743550e-01 7.355017942540785780e-01
7.091926929876252172e-01 7.660005601013407661e-01
7.581025338833234928e-01 6.990354499396156385e-01
7.333529758397171472e-01 7.481395321733811388e-01
7.619328226281673055e-01 6.904643142924589139e-01
7.483794932233353014e-01 7.188995007206412380e-01
7.430760164997053385e-01 7.170443079050849988e-01
7.460223924572775278e-01 7.475536693544948541e-01
7.371832645845609600e-01 7.515051399960237521e-01
7.642899233942250792e-01 6.599525651511024549e-01
7.557454331172657191e-01 7.109861531678367541e-01
7.642899233942250792e-01 6.567482317195219021e-01
7.575132586918090771e-01 6.743557014886070178e-01
7.595757218621096429e-01 6.550215675550348227e-01
7.628167354154390400e-01 6.839879733674666396e-01
7.581025338833234928e-01 6.829396661590126927e-01
7.539776075427224722e-01 7.215098843855016764e-01
7.687094873305834186e-01 6.995742601506850233e-01
7.675309369475544763e-01 6.831797387670067723e-01
7.525044195639363220e-01 7.755685483708101291e-01
7.760754272245138363e-01 5.985125276972266262e-01
7.707719505008838734e-01 6.716480447965509359e-01
7.869770182675309700e-01 5.470097038675757473e-01
7.351208014142605052e-01 7.942857567001792019e-01
7.669416617560400606e-01 6.774964157272788112e-01
7.710665880966410812e-01 6.093862968332627306e-01
7.878609310548025935e-01 5.541989601710263225e-01
7.672362993517972685e-01 6.871211213224074354e-01
7.637006482027106635e-01 6.856631654150345812e-01
7.581025338833234928e-01 6.912713944911956787e-01
7.595757218621096429e-01 7.761024552233078966e-01
7.678255745433116841e-01 6.656871963949764215e-01
7.666470241602828528e-01 6.995019903954338147e-01
7.536829699469652644e-01 7.302484231836655626e-01
7.763700648202710441e-01 6.435094370561487143e-01
7.799057159693576491e-01 5.901757355998543675e-01
8.037713612256923712e-01 5.175125511253581001e-01
7.666470241602828528e-01 7.324724188622306897e-01
7.837360047142015729e-01 6.329221997190924709e-01
7.669416617560400606e-01 7.108618283973020535e-01
7.418974661166765072e-01 7.896901947610518446e-01
7.884502062463170091e-01 6.137747904833625867e-01
8.011196228638773897e-01 5.247659043354147013e-01
7.793164407778432334e-01 6.928357920225929334e-01
7.763700648202710441e-01 6.271101473008885430e-01
7.813789039481437992e-01 6.492095212726032294e-01
7.852091926929876120e-01 6.683421818649067925e-01
7.852091926929876120e-01 6.029547181199578221e-01
7.872716558632881778e-01 6.630567119402044352e-01
7.654684737772540215e-01 7.495212765300974800e-01
7.843252799057159885e-01 6.546512798351400431e-01
7.746022392457277972e-01 7.464752372573403294e-01
7.781378903948144021e-01 6.659496531767004068e-01
7.993517972893341428e-01 6.101853698492050171e-01
7.513258691809074907e-01 7.991864944205564480e-01
7.746022392457277972e-01 7.691934406757354736e-01
7.999410724808485584e-01 5.317724399706896810e-01
8.011196228638773897e-01 5.524854475961011868e-01
8.164407778432527518e-01 5.393804285456152980e-01
7.849145550972304042e-01 6.002916833933662488e-01
7.424867413081909229e-01 8.449943942182204237e-01
7.177371832645845773e-01 9.379688904565923746e-01
7.672362993517972685e-01 7.645453652914833143e-01
7.719505008839128157e-01 7.857865726246553439e-01
7.952268709487330112e-01 5.911348470870185778e-01
7.937536829699469720e-01 6.795329714522642117e-01
8.182086034177961098e-01 5.508484787800732585e-01
8.182086034177961098e-01 5.265961683848324748e-01
7.887448438420742169e-01 7.250521358321694310e-01
7.802003535651148569e-01 7.726259406875161106e-01
7.822628167354154227e-01 6.533233269172555868e-01
7.560400707130229270e-01 8.240145322154549534e-01
6.809074837949322667e-01 1.117530065424302110e+00
8.223335297583971304e-01 5.782751695198171671e-01
8.444313494401886055e-01 5.099475611658657037e-01
7.925751325869181407e-01 5.995399513665367053e-01
8.002357100766057663e-01 6.719943451530793199e-01
8.084855627578079185e-01 6.226723194122314453e-01
7.887448438420742169e-01 6.885493669439765041e-01
8.379493223335298113e-01 5.209014450802522678e-01
6.502651738361815426e-01 1.120812116300358596e+00
7.660577489687684372e-01 7.819845115437227268e-01
7.804949911608721758e-01 7.722630570916568793e-01
8.111373011196228999e-01 5.227928512236651448e-01
7.277548615203299764e-01 8.942613058230456380e-01
7.840306423099587807e-01 7.432131705915226982e-01
8.129051266941661469e-01 6.416614222175934801e-01
8.046552740129641057e-01 6.924861143617069281e-01
7.533883323512080565e-01 8.204341548330643663e-01
5.665880966411314112e-01 1.550200609599842849e+00
5.889805539186799832e-01 1.547187380930956646e+00
7.875662934590453856e-01 6.438274401075699815e-01
6.812021213906894745e-01 1.069089907057145128e+00
7.221567472009428057e-01 8.510387101594139025e-01
8.220388921626399226e-01 6.386868164819829996e-01
8.076016499705362950e-01 7.203374855658587483e-01
7.678255745433116841e-01 7.633112721583422688e-01
8.394225103123158505e-01 4.673674352028790446e-01
7.990571596935769350e-01 5.903721223859226264e-01
8.117265763111373156e-01 6.940945553428986559e-01
8.096641131408367498e-01 5.930438567610347711e-01
8.134944018856805625e-01 6.787429092561497734e-01
8.320565704183854328e-01 4.744615432094125285e-01
8.288155568650560356e-01 5.646603563252616809e-01
8.190925162050677333e-01 6.487349832759183865e-01
8.193871538008249411e-01 6.073508446707445163e-01
8.202710665880966756e-01 5.684372028883766248e-01
8.612256923983500068e-01 4.158684637616662516e-01
8.335297583971714719e-01 5.580585800549563436e-01
7.825574543311726305e-01 7.862891563597846911e-01
7.937536829699469720e-01 7.497495447888093967e-01
7.298173246906305422e-01 9.120450475636650012e-01
7.872716558632881778e-01 6.894798024612314169e-01
8.202710665880966756e-01 6.539221441044527072e-01
8.344136711844430954e-01 5.370858337949303563e-01
7.916912197996464062e-01 7.634782861260807074e-01
7.884502062463170091e-01 7.961249667055466661e-01
8.314672952268709061e-01 5.095454121337217313e-01
8.176193282262816941e-01 6.562537542160820081e-01
7.513258691809074907e-01 8.940647595068987874e-01
8.137890394814378814e-01 6.956292916746700250e-01
8.273423688862698855e-01 6.210876563016105578e-01
7.996464348850913506e-01 6.801631424356909816e-01
8.199764289923394678e-01 6.413669296923805163e-01
7.274602239245727686e-01 1.000190780443303673e+00
7.816735415439010071e-01 7.413584134157966687e-01
8.114319387153801078e-01 7.696999153670143201e-01
7.519151443724219064e-01 8.943959597279044216e-01
8.134944018856805625e-01 7.094773097949869101e-01
8.591632292280495520e-01 4.178765223306767917e-01
