4.784914555097230515e-01 1.080889182932236681e+00
5.707130229817324318e-01 1.067407579982981858e+00
6.387743076016499932e-01 1.056488917154424279e+00
6.873895109015910609e-01 1.041576942976783382e+00
6.971125515615792523e-01 1.020042791086084755e+00
7.307012374779021657e-01 1.018942478825064279e+00
7.312905126694165814e-01 9.888232578249538385e-01
7.637006482027106635e-01 9.742100133615381186e-01
7.342368886269887707e-01 9.543810942593742297e-01
7.068355922215674436e-01 9.320694471106809598e-01
7.595757218621096429e-01 9.281391834511476535e-01
7.416028285209192994e-01 9.201279177385217611e-01
7.634060106069534557e-01 9.164898763684665717e-01
6.953447259870358943e-01 8.907021704842063015e-01
7.233352975839717480e-01 8.729380579555735542e-01
7.032999410724808387e-01 8.705120437285479573e-01
6.797289334119033244e-01 8.529348022797528239e-01
7.012374779021802729e-01 8.503547538729274713e-01
7.309958750736593736e-01 8.377763751675101345e-01
7.495580436063641327e-01 8.332789014367496527e-01
6.812021213906894745e-01 8.204302787780761719e-01
7.186210960518562008e-01 8.101695670801050131e-01
7.307012374779021657e-01 8.113291228518766385e-01
7.560400707130229270e-01 8.072779616888832166e-01
7.395403653506187336e-01 7.939270506886875189e-01
7.404242781378903571e-01 7.903822327361387234e-01
7.486741308190925093e-01 7.821572160019594211e-01
7.197996464348851431e-01 7.879991075571846082e-01
7.236299351797289559e-01 7.822150552974027615e-01
7.551561579257513035e-01 7.644938283106860188e-01
7.424867413081909229e-01 7.664719259037691135e-01
7.236299351797289559e-01 7.688259745345396023e-01
6.950500883912786865e-01 7.673429653925054605e-01
7.439599292869770730e-01 7.524065620758954021e-01
7.442545668827342809e-01 7.521691304795882216e-01
7.507365939893930751e-01 7.460525596843046170e-01
7.539776075427224722e-01 7.423196855713339870e-01
7.463170300530347356e-01 7.384981513023376465e-01
7.171479080730701616e-01 7.468079451252432888e-01
7.360047142015321286e-01 7.362889875383937799e-01
6.903358868591632502e-01 7.492031577755423610e-01
7.410135533294048837e-01 7.300177689860848362e-01
7.183264584560989929e-01 7.428054406362420981e-01
6.953447259870358943e-01 7.466569805846494656e-01
6.779611078373600774e-01 7.508828534799463217e-01
6.841484973482616638e-01 7.457509987494524983e-01
7.324690630524455237e-01 7.241062872550066976e-01
6.567472009428403368e-01 7.635860092499676677e-01
6.965232763700648366e-01 7.385276257991790771e-01
7.168532704773129538e-01 7.173033479382010524e-01
7.295226870948733344e-01 7.279749775634092313e-01
7.165586328815556350e-01 7.255602514042573947e-01
6.918090748379492894e-01 7.405644094242769260e-01
7.221567472009428057e-01 7.215008683064404460e-01
6.484973482616381846e-01 7.605983737637015407e-01
7.127283441367118222e-01 7.230963654377881022e-01
6.844431349440188717e-01 7.409445503178764270e-01
6.667648791985857359e-01 7.372944355010986328e-01
7.283441367118443921e-01 7.110540866851806641e-01
7.560400707130229270e-01 6.942507116233601616e-01
6.906305244549204581e-01 7.243588601841646213e-01
7.575132586918090771e-01 6.855321982327629016e-01
6.358279316440778040e-01 7.669559857424568250e-01
7.472009428403064701e-01 6.909162454745348958e-01
7.177371832645845773e-01 6.959129975122564371e-01
6.921037124337064972e-01 7.192790175185483914e-01
7.139068945197407645e-01 7.139600077096153186e-01
7.698880377136122499e-01 6.890481798087849663e-01
6.570418385385975446e-01 7.586989052155438396e-01
7.698880377136122499e-01 6.589798313729903212e-01
7.472009428403064701e-01 6.719081805032842691e-01
7.607542722451384742e-01 6.675915069439831706e-01
7.533883323512080565e-01 6.676896617693059977e-01
7.177371832645845773e-01 6.941358674975002252e-01
7.433706540954625464e-01 6.691377233056461371e-01
7.952268709487330112e-01 6.333498130826389350e-01
8.014142604596345976e-01 6.380285655750947971e-01
7.433706540954625464e-01 6.642589078230016764e-01
7.628167354154390400e-01 6.352196668877321262e-01
8.064230995875073527e-01 6.207665783517500868e-01
8.459045374189746447e-01 5.849117724334492729e-01
7.598703594578668508e-01 6.407743166474735297e-01
7.701826753093694578e-01 6.495626866817474365e-01
7.666470241602828528e-01 6.249471131493063991e-01
7.386564525633471101e-01 6.666987345499151285e-01
7.433706540954625464e-01 6.550399117610034017e-01
8.020035356511491242e-01 6.160690644208122180e-01
8.052445492044785214e-01 6.061650383121827135e-01
8.243959929286976962e-01 5.793524349437040311e-01
7.857984678845020277e-01 6.096426441388971273e-01
8.031820860341779555e-01 5.932902781402363823e-01
8.267530936947554698e-01 5.756075627663556071e-01
8.196817913965821489e-01 5.638339484439176541e-01
8.544490276959340047e-01 5.598661321050980577e-01
7.421921037124337150e-01 6.289855785229626628e-01
8.058338243959929370e-01 5.703035093405667277e-01
7.843252799057159885e-01 6.032032125136431722e-01
7.807896287566293836e-01 5.931748099186840983e-01
8.261638185032410542e-01 5.684822876663768731e-01
8.541543901001767969e-01 5.443069207317688951e-01
8.241013553329404884e-01 5.771957399214014961e-01
8.170300530347672785e-01 5.691471529357573500e-01
8.208603417796110913e-01 5.424256938345292101e-01
7.645845609899822870e-01 6.104766218101277397e-01
8.155568650559811283e-01 5.716635479646570150e-01
8.467884502062462682e-01 5.609156664680031712e-01
8.411903358868592084e-01 5.717434532502118083e-01
8.568061284619917783e-01 5.223912789541131918e-01
8.485562757807896261e-01 5.564422388287151300e-01
7.925751325869181407e-01 5.596273050588720377e-01
8.155568650559811283e-01 5.639528439325445230e-01
8.161461402474955440e-01 5.528906215639675104e-01
7.796110783736004413e-01 5.858371091239592543e-01
8.517972893341190233e-01 5.334219950086930284e-01
8.220388921626399226e-01 5.815923371735740588e-01
7.793164407778432334e-01 5.911948154954349555e-01
8.008249852681201819e-01 5.586738656548893012e-01
8.453152622274602290e-01 5.498411725549137152e-01
8.414849734826164163e-01 5.383038739947711981e-01
8.070123747790217683e-01 5.674331538817461995e-01
7.760754272245138363e-01 5.974140921059776232e-01
8.123158515026517312e-01 5.523139930823269816e-01
7.981732469063052005e-01 6.235945382538963244e-01
8.014142604596345976e-01 5.833016151891035062e-01
7.448438420742486965e-01 6.337862382916843451e-01
7.834413671184443650e-01 5.879026791628669812e-01
7.545668827342368878e-01 5.888471971539890326e-01
7.533883323512080565e-01 6.012337146436467217e-01
8.020035356511491242e-01 5.666327739463132840e-01
7.454331172657631122e-01 6.027760304072323772e-01
7.100766057748968407e-01 6.998946035609525662e-01
7.233352975839717480e-01 6.107187148402718480e-01
7.139068945197407645e-01 6.375522192786721165e-01
8.034767236299351634e-01 5.579428523778915405e-01
7.890394814378314248e-01 6.022618877537110338e-01
7.896287566293459514e-01 5.997152389848933174e-01
7.902180318208603671e-01 5.922598312882816352e-01
7.592810842663524351e-01 6.145108762909384792e-01
7.784325279905716100e-01 6.215148813584271403e-01
7.810842663523865914e-01 5.932079404592514038e-01
7.678255745433116841e-01 6.181738604517543756e-01
7.911019446081319906e-01 5.902760098962223090e-01
7.975839717147907848e-01 5.702881208237480237e-01
7.728344136711844392e-01 6.132553272387560872e-01
7.634060106069534557e-01 6.167555810774073555e-01
7.967000589275191613e-01 5.886645080412135078e-01
7.787271655863288178e-01 6.103077688637901232e-01
7.796110783736004413e-01 6.045626989182304456e-01
7.678255745433116841e-01 6.355584263801574707e-01
7.804949911608721758e-01 6.057913969544803656e-01
7.489687684148497171e-01 6.619946991696077365e-01
7.704773129051266656e-01 6.397584133288439778e-01
7.846199175014731964e-01 6.034400191377190525e-01
7.728344136711844392e-01 6.245207646313835070e-01
7.634060106069534557e-01 6.417535096406936646e-01
7.224513847967000135e-01 6.806344021769130670e-01
7.239245727754861637e-01 7.059395506101495688e-01
7.637006482027106635e-01 6.464493581477332995e-01
7.404242781378903571e-01 6.643278888043235852e-01
7.637006482027106635e-01 6.346657942323123969e-01
7.392457277548615258e-01 6.870836264946881267e-01
7.489687684148497171e-01 6.571295874960282335e-01
7.513258691809074907e-01 6.599682429257560656e-01
7.533883323512080565e-01 6.648390380775227593e-01
6.862109605185621186e-01 7.856849274214576795e-01
7.510312315851502829e-01 6.778990678927477864e-01
7.460223924572775278e-01 7.084918583140653592e-01
7.109605185621685752e-01 7.695113210117116020e-01
6.900412492634060424e-01 7.798594499335569363e-01
7.533883323512080565e-01 6.835705883362713786e-01
7.365939893930465443e-01 6.791269901920767849e-01
7.404242781378903571e-01 7.075406716150396402e-01
7.109605185621685752e-01 7.161709280575022651e-01
7.130229817324690300e-01 7.008741717128192938e-01
7.513258691809074907e-01 6.871896877008325522e-01
7.259870359457867295e-01 7.044686745194828070e-01
7.495580436063641327e-01 6.752023959861082059e-01
7.445492044784914887e-01 7.388821472139919244e-01
7.221567472009428057e-01 6.953098353217629368e-01
7.218621096051855979e-01 6.868555054945104654e-01
6.794342958161461166e-01 7.462374129716087268e-01
6.723629935179729067e-01 8.178259274538826062e-01
7.015321154979375917e-01 7.347471635131275214e-01
7.292280494991161266e-01 6.966328340418198595e-01
7.209781968179139744e-01 7.290377406512990044e-01
7.433706540954625464e-01 6.953714524998384494e-01
7.259870359457867295e-01 7.540346506763907497e-01
7.280494991160871843e-01 7.197818002280067518e-01
7.354154390100177130e-01 6.963872138191672390e-01
7.389510901591043179e-01 7.039451353690203694e-01
6.994696523276370259e-01 7.957102814141441272e-01
7.230406599882145402e-01 7.386989838936749431e-01
7.362993517972893365e-01 7.192099041798535319e-01
7.304065998821449579e-01 7.221804787130916559e-01
7.256923983500294106e-01 6.998954836060019558e-01
7.094873305833824251e-01 7.564329750397625896e-01
7.127283441367118222e-01 7.776652907623964328e-01
7.103712433706540486e-01 7.574565147652345676e-01
7.259870359457867295e-01 7.162414964507607396e-01
7.168532704773129538e-01 7.584004332037532770e-01
