3.076016499705362395e-01 1.119542356799630545e+00
3.090748379493223341e-01 1.116196576286764719e+00
3.408956982911019451e-01 1.103768800987916743e+00
3.906894519740718996e-01 1.095984813045052908e+00
3.750736593989393297e-01 1.089183937100803190e+00
4.233942251031231341e-01 1.082782678744372173e+00
3.906894519740718996e-01 1.073229158625883306e+00
3.930465527401296177e-01 1.061760351938359825e+00
4.552150854449027451e-01 1.054322716067819021e+00
3.800824985268120293e-01 1.054418588385862554e+00
4.460813199764289694e-01 1.044274821000940712e+00
4.080730701237477720e-01 1.043427684727836979e+00
3.951090159104301835e-01 1.039374758215511507e+00
3.871538008249852947e-01 1.038211429820341314e+00
3.588685916322922886e-01 1.036512743024265104e+00
4.304655274012963995e-01 1.023976352284936331e+00
4.204478491455509448e-01 1.027258934343562302e+00
4.042427813789039592e-01 1.018537963137907232e+00
4.281084266352386813e-01 1.012734584948595806e+00
4.233942251031231341e-01 1.012116633793886944e+00
4.077784325279905642e-01 1.009504540878183754e+00
4.204478491455509448e-01 1.002014398574829102e+00
4.752504419563936544e-01 9.855439329848569852e-01
4.611078373600471236e-01 9.853354219128104274e-01
4.555097230406600084e-01 9.792496544473311415e-01
4.269298762522097945e-01 9.862286606255699084e-01
4.513847967000589323e-01 9.670945598798639242e-01
4.678845020624631812e-01 9.634610782651340521e-01
4.814378314672952408e-01 9.644823915818158122e-01
4.481437831467295352e-01 9.665167471941780164e-01
4.416617560400706854e-01 9.663466074887443469e-01
4.616971125515615948e-01 9.611872627454645102e-01
4.634649381261048973e-01 9.453059347236857368e-01
4.201532115497937370e-01 9.495239608428057698e-01
4.952857984678845082e-01 9.349494804354274713e-01
4.746611667648791832e-01 9.363729340188643446e-01
4.899823217442545453e-01 9.267611836685853977e-01
4.773129051266941647e-01 9.214691116529352133e-01
4.811431938715380330e-01 9.183169042362886447e-01
5.032410135533293971e-01 9.067239708760205241e-01
5.061873895109015864e-01 9.068077942904304578e-01
5.338833235120801213e-01 8.819223309264463406e-01
4.938126104890984136e-01 9.043731794637792643e-01
5.020624631703005658e-01 9.066071212291717529e-01
4.958750736593989239e-01 9.063325454207027398e-01
5.002946375957572078e-01 9.066196294391856147e-01
5.291691219799646850e-01 8.794973615337821071e-01
5.303476723629935163e-01 8.779774273143094998e-01
5.206246317030053250e-01 8.791845949257121040e-01
5.412492634060106500e-01 8.680123230990242078e-01
5.338833235120801213e-01 8.658822476863861084e-01
5.153211549793753621e-01 8.867027110913220378e-01
5.268120212139069114e-01 8.707182284663704808e-01
5.282852091926929505e-01 8.579078053726869602e-01
5.256334708308779691e-01 8.664210123174330702e-01
5.238656452563347221e-01 8.682647242265588705e-01
4.858573954036535247e-01 8.884972281315747233e-01
5.439010017678255204e-01 8.457059036282932318e-01
5.250441956393635534e-01 8.579617230331196831e-01
5.250441956393635534e-01 8.482548156205345080e-01
5.141426045963465308e-01 8.711611137670629557e-01
5.586328815556864669e-01 8.272975578027612631e-01
5.055981143193871707e-01 8.774586390046512641e-01
5.335886859163229134e-01 8.333431149230283719e-01
5.141426045963465308e-01 8.672525093835943277e-01
5.303476723629935163e-01 8.358991426580092421e-01
5.162050677666469856e-01 8.667823654763838759e-01
5.244549204478491378e-01 8.456646747448864909e-01
4.923394225103123190e-01 8.887397611842435818e-01
4.893930465527401297e-01 8.901546790319330160e-01
5.430170889805538970e-01 8.136051507557139351e-01
5.265173836181497036e-01 8.553078034344840930e-01
5.329994107248084978e-01 8.353268311304204996e-01
5.188568061284619670e-01 8.676628067212945883e-01
5.156157925751325699e-01 8.657722876352422769e-01
5.176782557454331357e-01 8.843658619067248372e-01
5.200353565114909093e-01 8.759064025738659831e-01
5.453741897466116706e-01 8.411270432612475423e-01
5.786682380671773762e-01 8.112511862726772272e-01
5.748379493223335635e-01 8.115620069644030599e-01
5.427224513847966891e-01 8.503949203911949084e-01
5.164997053624041934e-01 8.898539683398078992e-01
5.388921626399528764e-01 8.439932412960949870e-01
5.713022981732469585e-01 8.430597080903894369e-01
5.109015910430171337e-01 9.213287181714001628e-01
5.312315851502651398e-01 8.693669964285457574e-01
5.462581025338832941e-01 8.680808368851157253e-01
5.377136122569239340e-01 8.631176527808693821e-01
5.536240424278138228e-01 9.055662277866812770e-01
5.839717147908073391e-01 8.636055027737337131e-01
5.203299941072481172e-01 9.426391896079567845e-01
5.029463759575721893e-01 9.475309077431174343e-01
5.085444902769593600e-01 9.467712184962104871e-01
5.209192692987625328e-01 9.443081108962788628e-01
5.721862109605185820e-01 8.666694883038016384e-01
5.583382439599292590e-01 8.951084596269270888e-01
5.391868002357100842e-01 9.446426594958585721e-01
5.424278137890394813e-01 9.267420646022347386e-01
5.595167943429582014e-01 8.960213415762957601e-01
5.739540365350618289e-01 8.087804475251365588e-01
5.091337654684737757e-01 9.174568074591019640e-01
5.483205657041838599e-01 9.431199221050038384e-01
5.686505598114319771e-01 8.791833327097051676e-01
5.144372421921037386e-01 1.011321428944082834e+00
5.282852091926929505e-01 9.835641769801869438e-01
5.518562168532704648e-01 9.711264827672172473e-01
5.904537418974661334e-01 8.628125664065865452e-01
5.533294048320566150e-01 9.370344140950370715e-01
5.671773718326458269e-01 9.500762539751389513e-01
5.380082498526812529e-01 1.020448421730714594e+00
5.621685327047731828e-01 9.492084997541764269e-01
5.606953447259870327e-01 1.002861117615419184e+00
5.147318797878609464e-01 1.040086783030453876e+00
6.523276370064819973e-01 7.518334266017464573e-01
5.633470830878020141e-01 9.817849239882301404e-01
5.530347672362994071e-01 9.997404603397145317e-01
5.724808485562757898e-01 8.819992121528176243e-01
5.533294048320566150e-01 9.329747434924630101e-01
5.665880966411314112e-01 9.242048193426692926e-01
5.721862109605185820e-01 9.225111621267655382e-01
5.586328815556864669e-01 1.037672197117524897e+00
6.051856216853270798e-01 8.041848364998313015e-01
5.654095462581025799e-01 9.743244192179512098e-01
5.604007071302298248e-01 1.037262141704559326e+00
5.365350618738951027e-01 1.095611519673291401e+00
5.742486741308191478e-01 9.542150409782633735e-01
5.659988214496169956e-01 1.006093391600777043e+00
5.618738951090158640e-01 9.272668379194596300e-01
5.695344725987036005e-01 9.401151870979982395e-01
5.727754861520329976e-01 9.539802565294153158e-01
5.866234531526223206e-01 8.518865564290214465e-01
5.695344725987036005e-01 9.538971886915319498e-01
5.798467884502062075e-01 9.423602538950303087e-01
5.651149086623452611e-01 1.010809482897029099e+00
5.639363582793164298e-01 1.088166335049797429e+00
5.562757807896288043e-01 1.040063786156037340e+00
5.763111373011196026e-01 1.014915487345527279e+00
5.677666470241602426e-01 1.014163641368641677e+00
5.766057748968768104e-01 8.821115686612970297e-01
5.710076605774896397e-01 9.898870184141046469e-01
5.642309958750736376e-01 1.013625947868122879e+00
6.013553329404831560e-01 9.166659537483664577e-01
5.739540365350618289e-01 9.351201197680305555e-01
5.842663523865645470e-01 1.059014408027424636e+00
5.792575132586917919e-01 1.015200944507823166e+00
5.757218621096051869e-01 1.053753251538557256e+00
5.898644667059517177e-01 9.526396218468161647e-01
6.084266352386564769e-01 8.885041896034689968e-01
5.842663523865645470e-01 1.095998841173508653e+00
6.107837360047142505e-01 8.954709820887621907e-01
5.822038892162639812e-01 9.725135284311631212e-01
5.648202710665880533e-01 1.137213864747215641e+00
6.043017088980553453e-01 9.069409072399139404e-01
5.919269298762521725e-01 1.039082728764590069e+00
7.038892162639952543e-01 7.349719703197479248e-01
5.801414260459634153e-01 9.525229615323683729e-01
5.966411314083677198e-01 9.386616436874165581e-01
5.836770771950501313e-01 1.018895154490190302e+00
5.760164997053623948e-01 1.021729004733702650e+00
5.574543311726576356e-01 1.262405658469480718e+00
5.992928697701827012e-01 9.684130759800181343e-01
6.334708308780200303e-01 8.527643207241507595e-01
5.745433117265763556e-01 1.024662343894734207e+00
6.479080730701237689e-01 8.546705245971679688e-01
6.231585150265174233e-01 9.455436152570387831e-01
5.783736004714201684e-01 1.034899678300408743e+00
6.028285209192693062e-01 1.074814400252174007e+00
5.830878020035356046e-01 1.009337772341335482e+00
6.037124337065409296e-01 9.849251859328326253e-01
6.019446081319976827e-01 9.619745752390693738e-01
5.854449027695933783e-01 1.143911805223016165e+00
5.886859163229227754e-01 9.722031670458176622e-01
6.635238656452563388e-01 9.376599017311545436e-01
6.431938715380082217e-01 9.161181993344250651e-01
5.863288155568650017e-01 1.092323527616612999e+00
6.037124337065409296e-01 9.794953588177176540e-01
6.096051856216853082e-01 1.023386862348107718e+00
5.987035945786682856e-01 1.041167793905033889e+00
5.810253388332351498e-01 1.102417791590971197e+00
6.788450206246317009e-01 8.124788526226492946e-01
5.774896876841485449e-01 1.382693420438205534e+00
6.031231585150265140e-01 9.875640448401955540e-01
6.034177961107837218e-01 1.037133153747109793e+00
5.751325869180907713e-01 1.157595506485770809e+00
6.464348850913376188e-01 9.320395062951480902e-01
6.113730111962286662e-01 1.017398995511672011e+00
5.736593989393046211e-01 1.372952380601097477e+00
6.175604007071302526e-01 9.658699140829198893e-01
6.770771950500883429e-01 8.515026096035452907e-01
5.966411314083677198e-01 1.028978132149752422e+00
6.443724219210371640e-01 9.722139958073111599e-01
6.234531526222746312e-01 1.029391567496692472e+00
6.487919858573953924e-01 9.170419345883762396e-01
6.098998232174425160e-01 1.148415377911399471e+00
6.281673541543900674e-01 9.501569586641648302e-01
5.978196817913965511e-01 1.120710097691592022e+00
6.340601060695344460e-01 1.025675750830594257e+00
6.526222746022392052e-01 8.695543688886305800e-01
6.785503830288744931e-01 8.350067191264208821e-01
6.582203889216263759e-01 9.802215502542608316e-01
