5.058927519151443786e-01 1.038147372357985487e+00
4.728933411903358808e-01 1.021389740354874620e+00
5.515615792575132570e-01 1.014270358225878521e+00
5.981143193871537589e-01 1.001908544231863596e+00
4.720094284030642573e-01 9.960252782877754285e-01
4.687684148497348047e-01 9.928453827605527859e-01
5.447849145550972549e-01 9.770743583931642551e-01
5.409546258102534422e-01 9.734868424780228624e-01
6.325869180907484068e-01 9.627999330268186551e-01
5.928108426635239070e-01 9.539986059946172769e-01
5.774896876841485449e-01 9.443513277698966091e-01
6.054802592810842876e-01 9.359918710063485081e-01
6.072480848556275346e-01 9.213095693027272270e-01
6.001767825574543247e-01 9.160712150966420220e-01
6.243370654095462546e-01 8.970607571742114095e-01
6.723629935179729067e-01 8.889429867267608643e-01
6.514437242192103739e-01 8.790808758314918592e-01
6.770771950500883429e-01 8.599013370626112929e-01
6.691219799646435096e-01 8.483996268580941136e-01
6.868002357100766453e-01 8.337436037905076036e-01
6.832645845609899293e-01 8.250439219615038899e-01
6.929876252209782317e-01 8.189325420295491265e-01
7.239245727754861637e-01 8.079234466833227213e-01
7.044784914555096700e-01 7.879195669118095324e-01
6.882734236888626844e-01 7.856184296748217610e-01
7.239245727754861637e-01 7.594078551320468939e-01
6.971125515615792523e-01 7.579539207851185845e-01
7.124337065409546144e-01 7.430056736749761637e-01
7.124337065409546144e-01 7.442146995488334582e-01
7.274602239245727686e-01 7.263142624322105334e-01
7.139068945197407645e-01 7.372079421492183648e-01
6.929876252209782317e-01 7.148340326898238173e-01
7.251031231585149950e-01 7.130683835814980442e-01
7.265763111373011451e-01 7.007388735518735867e-01
7.086034177961108016e-01 7.039685687598060682e-01
7.362993517972893365e-01 6.805840082028332683e-01
7.265763111373011451e-01 6.872782251414131238e-01
7.280494991160871843e-01 6.824324446565964708e-01
7.304065998821449579e-01 6.681413089527803439e-01
7.227460223924573324e-01 6.827810880015877659e-01
7.245138479670005793e-01 6.718313886838800375e-01
6.974071891573364601e-01 6.715432668433469754e-01
7.301119622863877501e-01 6.600302878548117702e-01
7.030053034767236309e-01 6.590365364271051352e-01
7.097819681791396329e-01 6.470833560999702527e-01
7.348261638185031863e-01 6.538942596491645887e-01
7.339422510312315628e-01 6.501010866726145698e-01
7.130229817324690300e-01 6.366124047952539389e-01
6.888626988803771001e-01 6.411414181484895725e-01
7.015321154979375917e-01 6.436255889780381212e-01
7.083087802003535938e-01 6.343642578405492838e-01
7.286387743076015999e-01 6.292494167299831354e-01
6.853270477312904951e-01 6.362199555425083197e-01
7.080141426045963859e-01 6.201723200433394423e-01
7.018267530936947995e-01 6.162285331417532985e-01
7.171479080730701616e-01 6.158075472887825086e-01
7.312905126694165814e-01 6.233634335153243056e-01
7.018267530936947995e-01 6.068829140242408826e-01
7.044784914555096700e-01 6.044706071124357205e-01
7.068355922215674436e-01 5.956619732520159749e-01
7.000589275191514416e-01 6.163199649137609537e-01
7.374779021803181678e-01 6.145999080994549724e-01
7.492634060106069249e-01 5.874312257065492648e-01
7.171479080730701616e-01 5.906116830952027330e-01
7.200942840306423509e-01 5.914525144240435628e-01
7.086034177961108016e-01 5.841445581001394327e-01
7.404242781378903571e-01 6.000412877868203099e-01
7.156747200942840115e-01 5.940187152694252903e-01
7.345315262227459785e-01 5.822856513892903374e-01
7.203889216263995587e-01 5.893247881356407092e-01
7.292280494991161266e-01 5.782524478786131850e-01
7.362993517972893365e-01 5.797063059666577312e-01
7.339422510312315628e-01 5.792805534951827040e-01
7.383618149675899023e-01 5.755743594730601265e-01
7.418974661166765072e-01 5.782993917956071872e-01
7.345315262227459785e-01 5.714770099695991590e-01
7.368886269888037521e-01 5.663317652309641792e-01
7.377725397760753756e-01 5.651220477679196330e-01
7.333529758397171472e-01 5.731402767055174818e-01
7.153800824985268036e-01 5.763160130556892469e-01
7.427813789039481307e-01 5.773951709270477295e-01
7.239245727754861637e-01 5.622539371252059937e-01
7.330583382439599394e-01 5.713352543466231337e-01
7.427813789039481307e-01 5.599095435703501655e-01
7.142015321154979723e-01 5.728180513662450846e-01
7.283441367118443921e-01 5.583611411206862440e-01
7.274602239245727686e-01 5.612986008910572089e-01
7.383618149675899023e-01 5.729390479186001750e-01
7.348261638185031863e-01 5.603180510156294813e-01
7.242192103712433715e-01 5.678560181575662558e-01
7.421921037124337150e-01 5.590247809886932373e-01
7.286387743076015999e-01 5.713637637741425523e-01
7.336476134354743550e-01 5.529579117017633383e-01
7.189157336476134086e-01 5.789729847627527182e-01
7.236299351797289559e-01 5.661415606737136841e-01
7.221567472009428057e-01 5.917831308701458903e-01
7.295226870948733344e-01 5.538248954450383232e-01
7.301119622863877501e-01 5.575985110857907268e-01
7.224513847967000135e-01 5.603228079922059068e-01
7.424867413081909229e-01 5.883847790605881700e-01
7.200942840306423509e-01 5.782781094312667847e-01
7.127283441367118222e-01 5.692642611615797987e-01
7.280494991160871843e-01 5.894746701507007636e-01
7.283441367118443921e-01 5.836076867931029311e-01
7.162639952857984271e-01 6.039742950130911892e-01
7.539776075427224722e-01 5.979506084147621081e-01
6.788450206246317009e-01 6.111020594835281372e-01
6.655863288155569046e-01 6.211749630815842638e-01
6.764879198585739273e-01 6.172880723195917074e-01
7.059516794342958201e-01 6.051067034987842597e-01
7.159693576900412193e-01 6.164606380112030992e-01
7.062463170300530280e-01 6.024344256695579602e-01
7.086034177961108016e-01 6.483806248973397190e-01
7.168532704773129538e-01 6.118105571059619940e-01
6.697112551561579252e-01 6.249024771592196492e-01
7.183264584560989929e-01 6.200465761563357381e-01
7.112551561579257831e-01 6.265597168137045925e-01
7.253977607542722028e-01 6.194599034155116035e-01
7.295226870948733344e-01 6.147757137522977811e-01
7.195050088391278242e-01 6.284965487087473823e-01
7.304065998821449579e-01 6.191431599504807481e-01
7.106658809664113674e-01 6.309586149804732313e-01
6.956393635827932131e-01 6.455674627247978137e-01
7.607542722451384742e-01 6.555635946638443956e-01
7.150854449027695958e-01 6.364946014740887614e-01
7.183264584560989929e-01 6.368744943071814602e-01
7.159693576900412193e-01 6.341543846270617513e-01
7.112551561579257831e-01 6.188990719178143474e-01
7.038892162639952543e-01 6.344363628064885186e-01
6.971125515615792523e-01 6.351783678812139566e-01
7.557454331172657191e-01 6.321530789136886597e-01
7.109605185621685752e-01 6.283445112845477132e-01
6.708898055391867565e-01 6.452975685105604153e-01
6.859163229228049108e-01 6.383353699656093561e-01
7.006482027106658572e-01 6.414172772098990505e-01
6.968179139658220445e-01 6.305455740760353978e-01
7.035945786682380465e-01 6.429259338799644397e-01
7.165586328815556350e-01 6.485681288382586507e-01
7.074248674130818593e-01 6.503881251110750217e-01
7.150854449027695958e-01 6.412170669611763074e-01
7.200942840306423509e-01 6.393935811870238295e-01
7.006482027106658572e-01 6.512364745140075684e-01
6.932822628167354395e-01 6.528546354349922254e-01
6.900412492634060424e-01 6.436602315481971814e-01
6.750147318797878881e-01 6.617152007187113716e-01
7.675309369475544763e-01 6.620176127728294446e-01
7.097819681791396329e-01 6.564378755934098253e-01
6.985857395403654024e-01 6.548927163376527805e-01
6.791396582203889087e-01 6.666446196682312975e-01
6.906305244549204581e-01 6.388987145003151014e-01
6.932822628167354395e-01 7.109887284391066542e-01
6.956393635827932131e-01 6.557202751145643216e-01
7.009428403064230650e-01 6.683430917122784587e-01
7.041838538597524622e-01 6.655273051822886421e-01
7.657631113730112293e-01 6.624872640651815470e-01
6.962286387743076288e-01 6.636287587530472765e-01
6.959340011785504210e-01 6.727175581104615221e-01
6.876841484973482688e-01 6.610990710118237468e-01
6.941661756040070630e-01 6.694293688325321234e-01
6.682380671773718861e-01 6.568269308875588353e-01
6.873895109015910609e-01 8.511052973130169841e-01
6.817913965822038902e-01 6.586395694929010336e-01
6.862109605185621186e-01 7.048386940184760974e-01
6.932822628167354395e-01 7.357385298785041883e-01
7.074248674130818593e-01 6.760780180201810818e-01
6.971125515615792523e-01 6.807676667676252347e-01
7.106658809664113674e-01 6.627525862525490696e-01
7.192103712433706164e-01 6.458979398012161255e-01
6.705951679434295487e-01 7.747681018184212620e-01
6.891573364761343079e-01 6.868790826376747205e-01
7.047731290512669888e-01 6.509520516676061686e-01
6.988803771361226103e-01 6.983352741774391248e-01
6.965232763700648366e-01 7.413832036887898491e-01
7.032999410724808387e-01 7.003987256218405788e-01
6.629345904537419232e-01 7.228341540869545057e-01
6.988803771361226103e-01 6.486404178773655937e-01
6.962286387743076288e-01 6.919000955188975288e-01
7.474955804360636780e-01 6.636718572939143135e-01
6.947554507955214786e-01 6.721086782567641249e-01
7.074248674130818593e-01 6.669290109592325155e-01
7.115497937536829909e-01 6.614352157887291028e-01
6.658809664113141125e-01 7.225198500296649007e-01
6.797289334119033244e-01 6.763907302828395807e-01
7.003535651149086494e-01 6.791083681232789049e-01
6.897466116676488346e-01 6.982528988052817409e-01
6.935769004124926473e-01 6.868624511887045925e-01
6.947554507955214786e-01 7.120046861031475993e-01
6.971125515615792523e-01 6.732651153031516955e-01
6.847377725397760795e-01 7.629764886463389351e-01
6.873895109015910609e-01 7.126161946969873373e-01
6.897466116676488346e-01 7.320835362462436713e-01
7.339422510312315628e-01 6.835456876193776177e-01
7.074248674130818593e-01 6.692412381663042087e-01
7.080141426045963859e-01 6.596695850877201117e-01
6.761932822628167195e-01 8.582112193107604980e-01
6.782557454331172853e-01 7.257195071262472208e-01
6.814967589864466824e-01 7.615706850500667535e-01
6.929876252209782317e-01 6.839397952837102945e-01
6.800235710076605322e-01 7.718173265457153320e-01
6.915144372421920815e-01 6.996971351258894911e-01
