3.173246906305244308e-01 1.147285997867584229e+00
3.081909251620506551e-01 1.136979828862582975e+00
3.090748379493223341e-01 1.135308433981502718e+00
3.005303476723629741e-01 1.130437921075259977e+00
3.096641131408367498e-01 1.128901821725508681e+00
3.076016499705362395e-01 1.127257943153381348e+00
3.061284619917501448e-01 1.126794320695540419e+00
3.081909251620506551e-01 1.126791445647969070e+00
3.070123747790218238e-01 1.121609859606798931e+00
3.090748379493223341e-01 1.119122361435609614e+00
3.093694755450795419e-01 1.120358821223763846e+00
3.064230995875073527e-01 1.115613670910105881e+00
3.108426635238656366e-01 1.116910632918862722e+00
3.108426635238656366e-01 1.116583533146802143e+00
3.105480259281084288e-01 1.121855458792518245e+00
3.123158515026517312e-01 1.109810692422530165e+00
3.167354154390100152e-01 1.118890246924232112e+00
3.120212139068945234e-01 1.119811594486236572e+00
3.161461402474955995e-01 1.118398312260122873e+00
3.185032410135533176e-01 1.122289303471060373e+00
3.196817913965822044e-01 1.120193660259246826e+00
3.187978786093105255e-01 1.111281251206117426e+00
3.185032410135533176e-01 1.114314980366650776e+00
3.226281673541543937e-01 1.107115117942585769e+00
3.185032410135533176e-01 1.108481621041017329e+00
3.294048320565703958e-01 1.123146491892197618e+00
3.255745433117265830e-01 1.108904740389655696e+00
3.249852681202121119e-01 1.123185469823725136e+00
3.217442545668827147e-01 1.113896573291105474e+00
3.252799057159693752e-01 1.106582003481247911e+00
3.335297583971714719e-01 1.114652437322279921e+00
3.311726576311137538e-01 1.109805559410768305e+00
3.217442545668827147e-01 1.120151281356811523e+00
3.414849734826163608e-01 1.099467414266922960e+00
3.417796110783736241e-01 1.110706003273234543e+00
3.273423688862698855e-01 1.122627643977894607e+00
3.376546847377725480e-01 1.109756108592538260e+00
3.624042427813788936e-01 1.102816041778115652e+00
3.323512080141425851e-01 1.107686680905959120e+00
3.417796110783736241e-01 1.109080514487098323e+00
3.494401885680613051e-01 1.123985918129191575e+00
3.411903358868591529e-01 1.124989989925833322e+00
3.544490276959340047e-01 1.100518573732937044e+00
3.494401885680613051e-01 1.082734961720073885e+00
3.535651149086623257e-01 1.074666733250898565e+00
3.512080141426046076e-01 1.076385562910753046e+00
3.712433706540954614e-01 1.114747401546029471e+00
3.718326458456098771e-01 1.065851339522529972e+00
3.470830878020035315e-01 1.097008375560536209e+00
3.482616381850324183e-01 1.093311106457429682e+00
3.744843842074248585e-01 1.105436822947333919e+00
3.432527990571597187e-01 1.101515731390784847e+00
3.836181496758986342e-01 1.120406532988828863e+00
3.544490276959340047e-01 1.095151564654182064e+00
3.977607542722451650e-01 1.075367885477402696e+00
3.597525044195639121e-01 1.084042340517044067e+00
3.791985857395403503e-01 1.081470719155143367e+00
3.585739540365350808e-01 1.088501539300469778e+00
3.783146729522687268e-01 1.101590286282932096e+00
3.694755450795521590e-01 1.073378457742578895e+00
3.839127872716558421e-01 1.093924792373881516e+00
3.791985857395403503e-01 1.061752799679251291e+00
3.547436652916912125e-01 1.116370816441143221e+00
3.871538008249852947e-01 1.058424414957270798e+00
4.460813199764289694e-01 1.103754876291050735e+00
4.045374189746611671e-01 1.081999180948033157e+00
3.974661166764879017e-01 1.083622993791804490e+00
4.207424867413082081e-01 1.126882042954949759e+00
4.496169711255156298e-01 1.095787365646923250e+00
4.817324690630524486e-01 1.073702368666143991e+00
4.670005892751915022e-01 1.064505920690648644e+00
4.337065409546257966e-01 1.046020542874055659e+00
4.832056570418385433e-01 1.097809239345438392e+00
3.868591632292280313e-01 1.053609979503294936e+00
4.696523276370064837e-01 1.058209045844919594e+00
4.997053624042427922e-01 1.052023740375743088e+00
3.791985857395403503e-01 1.093274917672662161e+00
4.846788450206246379e-01 1.033789028139675326e+00
4.781968179139658437e-01 1.081565851674360479e+00
4.522687094873305558e-01 1.034473736496532625e+00
5.023571007660577736e-01 1.023560727343839849e+00
4.873305833824396194e-01 1.038541965624865338e+00
5.215085444902769485e-01 1.039890569799086562e+00
5.191514437242191748e-01 1.052796647829167931e+00
4.855627578078962614e-01 1.079872606431736770e+00
4.743665291691219754e-01 1.107096985859029381e+00
5.388921626399528764e-01 1.009290747782763287e+00
4.793753682969946750e-01 1.031801043187870803e+00
5.250441956393635534e-01 1.010226453051847662e+00
5.774896876841485449e-01 1.005875573438756554e+00
5.374189746611667262e-01 1.027249544858932495e+00
5.344725987035945369e-01 1.021775997736874775e+00
5.368296994696523106e-01 9.845965609830968912e-01
4.493223335297584220e-01 1.110086870544096938e+00
5.002946375957572078e-01 1.092224384055418218e+00
5.839717147908073391e-01 9.955623465425827989e-01
5.218031820860341563e-01 9.953507184982299805e-01
6.028285209192693062e-01 9.906610566027024278e-01
5.530347672362994071e-01 1.007749878308352276e+00
5.403653506187389155e-01 1.034948403344434942e+00
5.285798467884501584e-01 9.759361796519335774e-01
5.583382439599292590e-01 1.033543951371136860e+00
5.674720094284030347e-01 1.022350658388698763e+00
4.781968179139658437e-01 1.088677017127766433e+00
4.661166764879198787e-01 1.063369740458095736e+00
4.823217442545668643e-01 1.104660100796643452e+00
5.609899823217442405e-01 9.016094540848451633e-01
5.707130229817324318e-01 1.004539237302892296e+00
5.751325869180907713e-01 1.024639020947849088e+00
5.568650559811432199e-01 1.031113096896339787e+00
4.944018856806128293e-01 1.042372549281400884e+00
5.698291101944608084e-01 1.042714962187935246e+00
4.643488509133765207e-01 1.113241409554200922e+00
5.403653506187389155e-01 1.110849424320108803e+00
5.972304065998821354e-01 9.949054332340464546e-01
4.740718915733647676e-01 1.122054510256823345e+00
5.595167943429582014e-01 1.067986658390830623e+00
4.286977018267530970e-01 1.171391031321357357e+00
4.490276959340011587e-01 1.127863147679497136e+00
5.271066588096641192e-01 1.077466892845490465e+00
5.883912787271655676e-01 1.026432694757685837e+00
5.715969357690041663e-01 1.157928280970629498e+00
5.294637595757218929e-01 1.089912265539169312e+00
5.312315851502651398e-01 1.119007084299536325e+00
5.433117265763111048e-01 1.072033740141812519e+00
5.751325869180907713e-01 1.032232771901523405e+00
5.197407189157337015e-01 1.113025817800970652e+00
5.486152032999410677e-01 1.052180686417747868e+00
5.627578078962875985e-01 1.037886872011072548e+00
5.427224513847966891e-01 1.050985013737397944e+00
4.814378314672952408e-01 1.103191852569580078e+00
4.230995875073659263e-01 1.189713909345514686e+00
5.229817324690630986e-01 1.114666277871412481e+00
5.816146140247495655e-01 1.002077875768437210e+00
4.616971125515615948e-01 1.125264681437436298e+00
4.664113140836770866e-01 1.237263083457946777e+00
5.094284030642309835e-01 1.134496236548704351e+00
5.530347672362994071e-01 1.118451786391875258e+00
4.946965232763700371e-01 1.109152972698211670e+00
6.446670595167943718e-01 9.400914960047778157e-01
4.949911608721273004e-01 1.170906245708465576e+00
5.662934590453742034e-01 1.048437951242222610e+00
5.176782557454331357e-01 1.091092590023489572e+00
5.459634649381260862e-01 1.082298561054117592e+00
5.559811431938714854e-01 1.060344995821223435e+00
5.324101355332940821e-01 1.396686052574830805e+00
5.471420153211550286e-01 1.050643205642700195e+00
5.527401296405420883e-01 1.048612168606589901e+00
5.377136122569239340e-01 1.102318216772640413e+00
5.842663523865645470e-01 1.075165133265888029e+00
5.188568061284619670e-01 1.116344820050632292e+00
5.963464938126105119e-01 1.004569058909135615e+00
5.845609899823217548e-01 1.146918444072499099e+00
5.592221567472009935e-01 1.067791184958289730e+00
4.761343547436652779e-01 1.228362258742837332e+00
5.683559222156747692e-01 1.055913437815273470e+00
5.866234531526223206e-01 1.097444108303855526e+00
5.677666470241602426e-01 1.140333927729550556e+00
4.007071302298172988e-01 1.365780777790967182e+00
5.185621685327047592e-01 1.139400149092954839e+00
5.963464938126105119e-01 1.071789627566057002e+00
5.839717147908073391e-01 1.059182600063436119e+00
5.385975250441956685e-01 1.366867682513068782e+00
6.617560400707129808e-01 8.834596574306488037e-01
4.823217442545668643e-01 1.287031766246346853e+00
4.643488509133765207e-01 1.775182145483353624e+00
5.282852091926929505e-01 1.158625834128435894e+00
6.107837360047142505e-01 9.783852521110983913e-01
6.823806717737183059e-01 8.606410587535184842e-01
6.043017088980553453e-01 1.072391147122663702e+00
5.609899823217442405e-01 1.187045803841422664e+00
6.181496758986446682e-01 9.523242782143985785e-01
5.259281084266352879e-01 1.147595984094283095e+00
5.627578078962875985e-01 1.042085491559084698e+00
5.462581025338832941e-01 1.115264450802522456e+00
5.872127283441367362e-01 1.100404267801957880e+00
5.713022981732469585e-01 1.033803957350113878e+00
6.028285209192693062e-01 1.074183958418229112e+00
5.760164997053623948e-01 1.175074668491587815e+00
5.745433117265763556e-01 1.231376512962229164e+00
5.571596935769004277e-01 1.091529427205815139e+00
5.827931644077783968e-01 1.314698271891650005e+00
5.801414260459634153e-01 1.073288445963578974e+00
5.795521508544489997e-01 1.019826967926586336e+00
5.601060695344726170e-01 1.103843269979252639e+00
5.562757807896288043e-01 1.218743569710675434e+00
5.934001178550383226e-01 1.097144577433081247e+00
5.816146140247495655e-01 1.192806575228186228e+00
4.363582793164407780e-01 2.197306482230915847e+00
5.742486741308191478e-01 1.138151878819746221e+00
5.512669416617560492e-01 1.146706561831867033e+00
5.939893930465527383e-01 1.014743405229905138e+00
5.686505598114319771e-01 1.311583059675553331e+00
5.657041838538597878e-01 1.116914258283727257e+00
5.604007071302298248e-01 1.074824135093128019e+00
6.190335886859162917e-01 9.603131606298334066e-01
5.987035945786682856e-01 1.028836592155344398e+00
5.609899823217442405e-01 1.400302150670219792e+00
5.872127283441367362e-01 1.099081803770626253e+00
6.178550383028874604e-01 9.365588847328635280e-01
