3.252799057159693752e-01 1.103158607202417762e+00
3.252799057159693752e-01 1.093592745416304579e+00
3.252799057159693752e-01 1.091938446549808317e+00
3.220388921626399781e-01 1.086466375519247629e+00
3.193871538008249966e-01 1.080114273463978591e+00
3.143783146729522415e-01 1.071520260151694881e+00
3.603417796110783833e-01 1.073218964478548809e+00
3.579846788450206096e-01 1.060678446994108404e+00
3.688862698880376878e-01 1.057957291603088379e+00
4.228049499116087184e-01 1.041045883122612370e+00
4.036535061873894881e-01 1.047019704299814613e+00
4.275191514437242102e-01 1.037004875786164293e+00
4.543311726576311216e-01 1.031860167489332403e+00
3.868591632292280313e-01 1.029586744659087172e+00
3.880377136122569182e-01 1.029185789472916612e+00
4.510901591043017245e-01 1.025337021140491300e+00
4.222156747200943028e-01 1.013920363257913015e+00
4.157336476134354530e-01 1.016393237254198834e+00
4.130819092516205271e-01 1.012290097334805683e+00
4.802592810842663540e-01 9.948149621486663818e-01
4.398939304655273830e-01 9.999873918645522108e-01
4.728933411903358808e-01 9.900601383517769749e-01
4.278137890394814180e-01 9.977818184039172200e-01
5.150265173836181543e-01 9.773175383315366727e-01
4.784914555097230515e-01 9.757668077945709229e-01
6.455509723040659953e-01 9.585382202092338488e-01
5.297583971714791007e-01 9.574111805242651041e-01
6.137301119622864398e-01 9.457699989571290988e-01
5.657041838538597878e-01 9.446659123196321506e-01
6.066588096641131189e-01 9.366065772140726997e-01
5.851502651738361704e-01 9.329527546377742730e-01
6.605774896876841495e-01 9.152725163628073757e-01
5.916322922804949647e-01 9.221071846344891521e-01
5.745433117265763556e-01 9.265369106741512262e-01
5.892751915144371910e-01 9.120456628939684895e-01
6.667648791985857359e-01 8.936482282245860054e-01
5.998821449616971169e-01 9.011308200219098063e-01
5.683559222156747692e-01 9.045394308426800700e-01
5.595167943429582014e-01 8.993861640200895291e-01
6.499705362404242237e-01 8.771940434680265408e-01
5.536240424278138228e-01 8.812240519944358752e-01
6.051856216853270798e-01 8.795542804633870171e-01
6.319976428992339912e-01 8.674912417636198025e-01
5.439010017678255204e-01 8.869136589414933214e-01
5.415439010017678578e-01 8.852377796874326688e-01
5.895698291101945099e-01 8.717651244472054417e-01
5.615792575132586562e-01 8.692862619371974908e-01
5.786682380671773762e-01 8.658430611386018771e-01
5.403653506187389155e-01 8.821335242075079019e-01
5.377136122569239340e-01 8.683125359170577040e-01
5.462581025338832941e-01 8.615959900266983995e-01
6.428992339422510138e-01 8.153827751384061795e-01
6.231585150265174233e-01 8.368832468986511230e-01
6.411314083677077669e-01 8.289263397455215454e-01
6.322922804949911990e-01 8.309572663377312596e-01
5.598114319387154092e-01 8.432022368206697482e-01
5.459634649381260862e-01 8.474576911505531385e-01
6.546847377725397710e-01 8.068706428303438205e-01
6.673541543901001516e-01 7.990736733464633978e-01
6.679434295816145672e-01 7.994949686176636705e-01
5.889805539186799832e-01 8.270774229484445517e-01
5.875073659398939441e-01 8.219298808013691948e-01
6.779611078373600774e-01 7.815529186935985528e-01
6.921037124337064972e-01 7.625991316402659370e-01
6.546847377725397710e-01 7.894905928303214138e-01
6.676487919858573594e-01 7.771101620267418797e-01
6.770771950500883429e-01 7.681330977117314385e-01
6.499705362404242237e-01 7.881412988199907321e-01
6.287566293459044831e-01 7.882621218176448785e-01
6.213906894519740653e-01 7.877644914038041124e-01
6.196228638774307074e-01 7.843828578205669366e-01
6.741308190925161536e-01 7.591342286151998575e-01
6.779611078373600774e-01 7.634179644724902181e-01
6.375957572186210509e-01 7.748510206446928006e-01
6.440777843252799562e-01 7.623507021104588555e-01
6.355332940483205961e-01 7.691732303184621866e-01
6.131408367707719131e-01 7.756746893419939060e-01
5.875073659398939441e-01 7.944416079451056545e-01
6.467295226870948266e-01 7.583521210095461873e-01
5.869180907483795284e-01 7.829286946969873373e-01
6.281673541543900674e-01 7.613934120711158826e-01
6.004714201532115325e-01 7.663250013309366171e-01
6.476134354743665611e-01 7.470490485429763794e-01
5.998821449616971169e-01 7.660974816364400919e-01
6.169711255156158369e-01 7.520136245909858630e-01
6.043017088980553453e-01 7.701980191118577013e-01
6.072480848556275346e-01 7.556653618812561035e-01
6.051856216853270798e-01 7.622509616262772569e-01
6.163818503241013103e-01 7.553819794865215265e-01
6.225692398350028967e-01 7.377843493047882006e-01
6.075427224513847424e-01 7.504963857286116591e-01
6.034177961107837218e-01 7.459265028729158420e-01
5.934001178550383226e-01 7.561378540361628486e-01
6.028285209192693062e-01 7.672003192060133925e-01
6.823806717737183059e-01 6.919717135674813280e-01
6.249263406010606703e-01 7.235778149436501439e-01
6.540954625810253553e-01 7.168887174304794385e-01
5.748379493223335635e-01 7.848017408567316000e-01
6.688273423688863017e-01 7.036681013072237922e-01
6.959340011785504210e-01 6.749409901745179186e-01
6.764879198585739273e-01 6.900846923098844510e-01
6.240424278137890468e-01 7.365192407194305346e-01
6.278727165586328596e-01 7.317303826703744907e-01
6.644077784325279623e-01 6.959421603995210592e-01
6.482027106658809767e-01 7.103336729547556905e-01
6.962286387743076288e-01 6.745785422184887858e-01
7.041838538597524622e-01 6.786853719283553188e-01
6.865055981143194375e-01 6.853124245124704306e-01
7.100766057748968407e-01 6.682641681502846653e-01
6.950500883912786865e-01 6.695934025680317925e-01
6.352386564525633883e-01 7.335774810875163032e-01
7.006482027106658572e-01 6.641256296459365771e-01
6.962286387743076288e-01 6.803828561130691455e-01
6.652916912197996968e-01 6.934192202547017070e-01
6.440777843252799562e-01 7.265137885423267328e-01
7.100766057748968407e-01 6.543833113768521281e-01
6.673541543901001516e-01 7.023037785992902737e-01
6.420153211549793904e-01 7.305718388627556736e-01
6.870948733058338531e-01 6.858309678295079204e-01
7.086034177961108016e-01 6.603736960712600634e-01
7.009428403064230650e-01 6.744046458864912941e-01
6.962286387743076288e-01 6.535935112658668444e-01
7.032999410724808387e-01 6.612820890458190881e-01
7.162639952857984271e-01 6.318669761804973639e-01
7.628167354154390400e-01 5.678058292935875828e-01
7.180318208603417851e-01 6.414902609060791905e-01
7.298173246906305422e-01 6.139856324914623187e-01
7.015321154979375917e-01 6.615038943641325941e-01
7.133176193282262378e-01 6.496303914224400566e-01
6.891573364761343079e-01 6.875881500103894206e-01
7.159693576900412193e-01 6.471743035842391079e-01
7.271655863288155608e-01 6.367985384867471677e-01
6.994696523276370259e-01 6.826832841205245916e-01
7.097819681791396329e-01 6.697520821848336192e-01
7.271655863288155608e-01 6.329600019928287580e-01
7.342368886269887707e-01 6.142767304006744311e-01
7.427813789039481307e-01 6.010370769483202036e-01
7.062463170300530280e-01 6.684642183210920408e-01
7.619328226281673055e-01 5.415075874942190115e-01
7.457277548615203200e-01 5.893456160145646994e-01
7.616381850324100977e-01 5.532671379692414293e-01
7.156747200942840115e-01 6.358633559635457067e-01
7.206835592221567666e-01 6.456982718013665190e-01
7.192103712433706164e-01 6.631980439757599877e-01
7.472009428403064701e-01 5.875986849560457248e-01
7.209781968179139744e-01 6.577552481390097627e-01
7.648791985857394948e-01 5.427536335499847375e-01
7.666470241602828528e-01 5.281889242503572390e-01
7.283441367118443921e-01 6.460221107391750373e-01
8.255745433117265275e-01 4.693482001038158380e-01
7.651738361814968137e-01 5.530681914704687063e-01
7.466116676487919435e-01 5.988548899836400041e-01
7.516205067766646986e-01 5.630141595268950416e-01
6.962286387743076288e-01 7.105458663119113005e-01
7.554507955215085113e-01 5.536096472950542413e-01
7.557454331172657191e-01 5.548026930979069737e-01
7.690041249263406264e-01 5.201108630965737278e-01
7.654684737772540215e-01 5.401314983473104459e-01
7.401296405421331492e-01 6.189419600893469875e-01
7.516205067766646986e-01 5.723710907075334475e-01
7.672362993517972685e-01 5.210705638370093373e-01
7.551561579257513035e-01 5.539407816660755213e-01
7.743076016499705894e-01 4.982872419059276581e-01
6.546847377725397710e-01 8.294035103172063828e-01
7.268709487330583530e-01 6.485700735493618030e-01
7.601649970536240586e-01 5.407275389879941940e-01
7.430760164997053385e-01 6.088861814316581800e-01
7.024160282852092152e-01 7.001939390183371525e-01
7.628167354154390400e-01 5.332209234509397433e-01
7.648791985857394948e-01 5.152097276466733877e-01
7.684148497348262108e-01 5.062906350940465927e-01
7.277548615203299764e-01 6.430656066273942040e-01
7.289334119033589188e-01 6.396912397159373320e-01
7.569239835002946615e-01 5.503788295695010158e-01
7.486741308190925093e-01 5.872653663596686391e-01
7.195050088391278242e-01 6.638508774340152740e-01
8.164407778432527518e-01 4.288028037065969023e-01
7.663523865645256450e-01 5.166004080982768976e-01
7.124337065409546144e-01 6.852848347386016892e-01
7.486741308190925093e-01 5.848201870480004283e-01
7.032999410724808387e-01 7.574285410399383967e-01
7.342368886269887707e-01 6.423846884247135236e-01
7.003535651149086494e-01 7.654174118138411531e-01
7.469063052445491513e-01 6.149162449052228974e-01
6.614614024749557730e-01 8.731877199264571621e-01
7.613435474366528899e-01 5.298730541458901433e-01
7.784325279905716100e-01 4.914276925299097543e-01
7.566293459045374536e-01 5.905506241628352138e-01
6.390689451974072011e-01 9.671328234321930895e-01
6.110783736004714584e-01 1.090329966275021434e+00
7.681202121390688919e-01 5.254984973546337201e-01
7.616381850324100977e-01 5.388063688707702692e-01
7.545668827342368878e-01 5.774746256168273861e-01
4.113140836770771691e-01 2.567621138932094205e+00
4.994107248084855843e-01 1.569547370836303024e+00
7.687094873305834186e-01 5.385825978044200824e-01
7.566293459045374536e-01 5.875997123418047474e-01
7.595757218621096429e-01 5.741868644185802451e-01
7.200942840306423509e-01 7.427335424923940943e-01
8.087802003535651263e-01 4.585232500753858575e-01
