3.252799057159693752e-01 1.078200412147185316e+00
3.797878609310548215e-01 1.074461908901438889e+00
4.428403064230995723e-01 1.069342174950767888e+00
4.378314672952268727e-01 1.062535673379898071e+00
4.852681202121390536e-01 1.060067576520583144e+00
4.449027695934001381e-01 1.053400970557156757e+00
4.994107248084855843e-01 1.039148469181621737e+00
4.823217442545668643e-01 1.040475457906723022e+00
4.923394225103123190e-01 1.030688992317985164e+00
4.808485562757807696e-01 1.028180111857021517e+00
5.100176782557453992e-01 1.023359905270969206e+00
6.022392457277548905e-01 1.011861506630392649e+00
6.812021213906894745e-01 1.010606581673902715e+00
6.870948733058338531e-01 1.006495935075423231e+00
6.623453152622275075e-01 1.000879485817516512e+00
6.567472009428403368e-01 9.958360808737137804e-01
6.520329994107247895e-01 9.940980006666744195e-01
6.697112551561579252e-01 9.905925550881553576e-01
6.252209781968178781e-01 9.877533281550687771e-01
6.700058927519151331e-01 9.778955298311570177e-01
6.116676487919858740e-01 9.856398841914009168e-01
5.816146140247495655e-01 9.770318585283616075e-01
5.589275191514436747e-01 9.777062167139614068e-01
5.503830288744844257e-01 9.809423965566298476e-01
5.480259281084266521e-01 9.756047340000376655e-01
5.371243370654095184e-01 9.755336957819321642e-01
5.232763700648203065e-01 9.781520489384146755e-01
5.038302887448438128e-01 9.801204625297995632e-01
5.371243370654095184e-01 9.783811849706313124e-01
5.067766647024160021e-01 9.739857316017150879e-01
5.383028874484384607e-01 9.704276446033927028e-01
5.070713022981732099e-01 9.801709897377911540e-01
5.483205657041838599e-01 9.867647605783799181e-01
5.630524454920448063e-01 9.839733067680808132e-01
6.090159104301708926e-01 9.778257433105917995e-01
6.464348850913376188e-01 9.654942628215340550e-01
6.146140247495580633e-01 9.663370251655578613e-01
5.966411314083677198e-01 9.611590487115523329e-01
6.950500883912786865e-01 9.609716219060561171e-01
6.891573364761343079e-01 9.598388794590445583e-01
6.935769004124926473e-01 9.518799098098978950e-01
7.086034177961108016e-01 9.554506172152126275e-01
7.136122569239834457e-01 9.452834672787610026e-01
7.330583382439599394e-01 9.369442796005922336e-01
6.847377725397760795e-01 9.423740243210512180e-01
7.374779021803181678e-01 9.298852962606093397e-01
7.663523865645256450e-01 9.196674052406760280e-01
7.530936947554508487e-01 9.203985473688911512e-01
7.227460223924573324e-01 9.226794312981998480e-01
7.142015321154979723e-01 9.198774309719309761e-01
7.881555686505598013e-01 8.998208729659810112e-01
7.206835592221567666e-01 9.113007555989658393e-01
7.952268709487330112e-01 8.956255334265091905e-01
8.058338243959929370e-01 8.896876608624177951e-01
7.286387743076015999e-01 9.123051990480983697e-01
6.817913965822038902e-01 9.228033984408658963e-01
7.604596346493812664e-01 8.832388590363895453e-01
7.248084855627577872e-01 8.908763931078069742e-01
7.625220978196818322e-01 8.658634652109706842e-01
7.843252799057159885e-01 8.639586375040166910e-01
7.168532704773129538e-01 8.782542014823240262e-01
6.921037124337064972e-01 8.819978710483101780e-01
6.714790807307012832e-01 8.844728119233075114e-01
7.286387743076015999e-01 8.689636482911951010e-01
7.678255745433116841e-01 8.452788363484775580e-01
7.056570418385386123e-01 8.665985990973079645e-01
6.552740129640541866e-01 8.730058003874385797e-01
5.545079552150854463e-01 8.940136099562925320e-01
7.418974661166765072e-01 8.429660052061080933e-01
7.439599292869770730e-01 8.474240390693440483e-01
7.000589275191514416e-01 8.509584709125406210e-01
7.165586328815556350e-01 8.374510740532594699e-01
7.032999410724808387e-01 8.353952975834116890e-01
6.859163229228049108e-01 8.345150377820519383e-01
6.502651738361815426e-01 8.397025176707435534e-01
6.912197996464348737e-01 8.348924710470086996e-01
6.888626988803771001e-01 8.208086315323325222e-01
7.144961697112551802e-01 8.025775762165293647e-01
7.041838538597524622e-01 8.113884513869005222e-01
6.926929876252210239e-01 8.003871922983842868e-01
6.915144372421920815e-01 8.155628889799118042e-01
6.988803771361226103e-01 7.925130216514363335e-01
6.785503830288744931e-01 8.013762489837759073e-01
6.900412492634060424e-01 7.584610774236566488e-01
7.068355922215674436e-01 7.688694543698254558e-01
6.977018267530936679e-01 7.764560212107265436e-01
7.186210960518562008e-01 7.598783680621314929e-01
7.489687684148497171e-01 7.381086033933302870e-01
7.056570418385386123e-01 7.320091636741862251e-01
6.932822628167354395e-01 7.252595893600407573e-01
7.460223924572775278e-01 7.237152536125743829e-01
7.307012374779021657e-01 7.164339059415985034e-01
7.374779021803181678e-01 7.231315742520725287e-01
7.298173246906305422e-01 7.224716421435860569e-01
7.958161461402475378e-01 6.803025454282760620e-01
7.813789039481437992e-01 6.946099041139378594e-01
7.810842663523865914e-01 6.710115246036473247e-01
7.828520919269298384e-01 6.764306092963499051e-01
7.719505008839128157e-01 6.683884740752332743e-01
7.088980553918680094e-01 6.972663393791984632e-01
6.938715380082498552e-01 7.049487829208374023e-01
7.554507955215085113e-01 6.801028856459785388e-01
7.781378903948144021e-01 6.555791554205557814e-01
7.678255745433116841e-01 6.582613876637291028e-01
7.719505008839128157e-01 6.408722313011393501e-01
7.357100766057749208e-01 6.523962844820583307e-01
7.722451384796700236e-01 6.513021360425388373e-01
7.457277548615203200e-01 6.419066291521576817e-01
7.436652916912197542e-01 6.331845749826991998e-01
7.687094873305834186e-01 6.216469626216327704e-01
7.239245727754861637e-01 6.516978249830358561e-01
8.211549793753682991e-01 5.957425109603825542e-01
8.014142604596345976e-01 6.011877660365665399e-01
7.492634060106069249e-01 6.340146801050972059e-01
7.333529758397171472e-01 6.133546680212020874e-01
8.102533883323511654e-01 5.858471910743152655e-01
7.943429581614613877e-01 5.949125465224770481e-01
8.143783146729522970e-01 6.115624610992038690e-01
8.417796110783736241e-01 5.756754515802159355e-01
8.173246906305244863e-01 6.102905260289416267e-01
8.140836770771950892e-01 6.118942775270518331e-01
8.067177371832645605e-01 6.234843042843482008e-01
8.096641131408367498e-01 5.915216834229581888e-01
8.288155568650560356e-01 5.809492810684091513e-01
8.403064230995874739e-01 5.732136438874637641e-01
8.158515026517383362e-01 5.792969491551903660e-01
8.046552740129641057e-01 5.817244946956634521e-01
8.323512080141426406e-01 5.509833025143426877e-01
8.299941072480848669e-01 5.645508717964676793e-01
8.226281673541543382e-01 5.676335911540424384e-01
8.076016499705362950e-01 5.651130612720461910e-01
8.084855627578079185e-01 5.640795894843690927e-01
8.164407778432527518e-01 5.991859935662325887e-01
8.296994696523276591e-01 5.588671503698124932e-01
8.223335297583971304e-01 5.586658843299922017e-01
7.896287566293459514e-01 6.156299962278675153e-01
8.070123747790217683e-01 5.988165157682755479e-01
8.064230995875073527e-01 5.853174997164922733e-01
8.137890394814378814e-01 5.692116556798710869e-01
7.451384796700059043e-01 6.287805052364573433e-01
8.730111962286387639e-01 4.908842816948890686e-01
7.793164407778432334e-01 5.904518633204347555e-01
7.200942840306423509e-01 6.474250636118299429e-01
7.701826753093694578e-01 5.952174407156074487e-01
7.675309369475544763e-01 5.881412377690568016e-01
7.410135533294048837e-01 6.538060804938569115e-01
8.058338243959929370e-01 5.784127208239892015e-01
7.684148497348262108e-01 6.064704768359661102e-01
8.017088980553919164e-01 5.586805394028916405e-01
7.451384796700059043e-01 6.232677939183571825e-01
7.466116676487919435e-01 6.100721777800250933e-01
7.451384796700059043e-01 6.217790802612024326e-01
7.333529758397171472e-01 6.510953149374794080e-01
6.349440188568061805e-01 7.668976779369747199e-01
7.810842663523865914e-01 5.885048300466116933e-01
6.505598114319387504e-01 7.437285137746263430e-01
7.557454331172657191e-01 5.874747202238616017e-01
7.360047142015321286e-01 6.347995247034465827e-01
7.018267530936947995e-01 6.459347932215999677e-01
6.750147318797878881e-01 6.857193184687810916e-01
7.230406599882145402e-01 6.668607101720922525e-01
6.838538597525044560e-01 6.975896233583197548e-01
7.469063052445491513e-01 6.128711435286438025e-01
7.144961697112551802e-01 6.527616593110210363e-01
6.240424278137890468e-01 8.071966459426809237e-01
6.676487919858573594e-01 7.215673484127310688e-01
6.711844431349439644e-01 7.134577779866316805e-01
7.212728344136711822e-01 6.551361937514122991e-01
6.797289334119033244e-01 7.053236982182544690e-01
7.251031231585149950e-01 6.800242422477287274e-01
6.809074837949322667e-01 7.045678076717782901e-01
7.342368886269887707e-01 5.935873640153337405e-01
7.133176193282262378e-01 6.303638549631133126e-01
7.030053034767236309e-01 6.618450716795289956e-01
6.202121390689452340e-01 8.456337788306614867e-01
7.159693576900412193e-01 6.633710254202870304e-01
7.174425456688273695e-01 6.481877582914689073e-01
6.912197996464348737e-01 6.779081955113831492e-01
6.950500883912786865e-01 6.788421165855491601e-01
6.508544490276959582e-01 7.716220544979852658e-01
7.130229817324690300e-01 6.632206361083423651e-01
6.938715380082498552e-01 6.877781176830038978e-01
6.794342958161461166e-01 7.211874521830502482e-01
6.738361814967589458e-01 7.034476549528977385e-01
7.233352975839717480e-01 5.884215728763271258e-01
6.208014142604596497e-01 8.263271868448046620e-01
6.470241602828521454e-01 7.642151054871433313e-01
6.311137301119622567e-01 8.030418331789619391e-01
6.870948733058338531e-01 6.847280923496273930e-01
6.467295226870948266e-01 7.758817086544107511e-01
6.703005303476723409e-01 7.243328672998091688e-01
7.177371832645845773e-01 6.438451779677587528e-01
7.059516794342958201e-01 6.448313684805351276e-01
6.016499705362404748e-01 8.218282601960441580e-01
6.714790807307012832e-01 7.238952201955458632e-01
7.274602239245727686e-01 5.703794712419895108e-01
5.648202710665880533e-01 1.064941795104566769e+00
6.567472009428403368e-01 7.395783920827156965e-01
5.928108426635239070e-01 9.518040323575192030e-01
6.756040070713023038e-01 7.013883524957824633e-01
