3.252799057159693752e-01 1.096868711359360704e+00
3.252799057159693752e-01 1.090759666527018723e+00
3.252799057159693752e-01 1.092942579704172523e+00
3.376546847377725480e-01 1.084170332726310360e+00
3.685916322922804800e-01 1.079246999586329636e+00
4.849734826163818457e-01 1.071380613481297317e+00
4.599292869770182923e-01 1.073860149173175627e+00
4.104301708898055456e-01 1.070679438464781752e+00
3.771361225692398400e-01 1.073360776200013911e+00
4.048320565704183749e-01 1.065425425767898560e+00
3.571007660577489862e-01 1.065185641541200434e+00
4.466705951679434405e-01 1.062423851560143850e+00
3.532704773129051179e-01 1.059251036714105032e+00
3.515026517383618154e-01 1.060857804382548508e+00
3.414849734826163608e-01 1.051317865357679571e+00
4.313494401885680785e-01 1.044926850234761062e+00
3.461991750147318525e-01 1.048850627506480393e+00
3.441367118444313422e-01 1.050053614027359972e+00
3.417796110783736241e-01 1.047612114864237221e+00
3.461991750147318525e-01 1.039443257976980783e+00
3.408956982911019451e-01 1.045928301180110154e+00
3.420742486741308319e-01 1.040929264882031635e+00
3.426635238656452476e-01 1.041676954311482994e+00
3.420742486741308319e-01 1.036906042519737614e+00
3.426635238656452476e-01 1.032795585253659443e+00
3.411903358868591529e-01 1.038984910530202477e+00
3.417796110783736241e-01 1.042945651447071853e+00
3.420742486741308319e-01 1.041556195301168053e+00
3.426635238656452476e-01 1.033233039519366070e+00
3.397171479080730583e-01 1.049396278227076706e+00
3.414849734826163608e-01 1.046183142591925241e+00
3.426635238656452476e-01 1.028211532270207229e+00
3.411903358868591529e-01 1.038696772911969379e+00
3.432527990571597187e-01 1.025079213521059796e+00
3.438420742486741344e-01 1.029711414785946078e+00
3.435474366529169266e-01 1.021747459383571810e+00
3.429581614614024554e-01 1.027191894895890245e+00
3.500294637595757208e-01 1.025040491538889320e+00
3.512080141426046076e-01 1.018873412819469637e+00
3.562168532704773072e-01 1.025532056303585238e+00
3.638774307601649882e-01 1.016870759865816876e+00
3.895109015910430128e-01 1.007770408602321810e+00
3.977607542722451650e-01 1.001266239320530715e+00
3.638774307601649882e-01 1.022886594428735529e+00
3.821449616971125396e-01 1.008191733675844581e+00
3.977607542722451650e-01 1.002228431841906353e+00
4.228049499116087184e-01 9.802126297179389880e-01
4.301708898055391916e-01 9.689210530589608128e-01
4.275191514437242102e-01 9.735822993166306505e-01
4.398939304655273830e-01 9.629666586132610284e-01
4.286977018267530970e-01 9.759757588891422309e-01
4.914555097230406400e-01 9.467671943061491957e-01
4.840895698291101668e-01 9.509909775327233250e-01
4.401885680612846463e-01 9.547626446275150336e-01
4.725987035945786729e-01 9.466227889060974121e-01
4.781968179139658437e-01 9.451367495691075371e-01
4.525633470830878191e-01 9.509255772127824802e-01
4.378314672952268727e-01 9.607700170839533760e-01
4.870359457866823560e-01 9.384723007678985596e-01
5.038302887448438128e-01 9.146057814359664917e-01
4.593400117855038212e-01 9.433273673057556152e-01
5.002946375957572078e-01 9.308284424683627156e-01
5.017678255745433580e-01 9.136798302916919745e-01
5.038302887448438128e-01 9.148347535554099963e-01
4.923394225103123190e-01 9.139874060364330255e-01
5.020624631703005658e-01 9.163932028938742702e-01
4.779021803182085804e-01 9.365128296263077745e-01
5.035356511490866049e-01 8.981613025945776041e-01
5.050088391278727551e-01 8.909648350056480481e-01
4.790807307012374672e-01 9.206619700964759900e-01
5.041249263406010206e-01 8.886169835048562948e-01
5.032410135533293971e-01 9.037733007879817926e-01
5.005892751915144157e-01 9.215297304532107381e-01
4.973482616381850185e-01 9.224331098444321642e-01
4.944018856806128293e-01 9.135590388494378988e-01
5.023571007660577736e-01 9.080778237651375706e-01
4.552150854449027451e-01 9.516083028386620457e-01
4.973482616381850185e-01 9.195567584213089063e-01
4.749558043606363911e-01 9.451862144119599352e-01
4.640542133176193129e-01 9.435970003114027005e-01
5.008839127872716235e-01 9.443515999352231072e-01
5.023571007660577736e-01 9.364446831100127211e-01
4.393046552740129673e-01 1.004893823581583412e+00
4.390100176782557595e-01 1.005027807372457893e+00
5.085444902769593600e-01 9.436882554608232443e-01
4.672952268709487100e-01 9.904348065747934360e-01
4.678845020624631812e-01 9.756896833286565762e-01
4.401885680612846463e-01 1.039958640494767383e+00
4.443134944018856669e-01 1.013537898659706116e+00
4.316440777843252863e-01 1.059951702461523260e+00
4.136711844431349427e-01 1.102074710323529994e+00
4.793753682969946750e-01 1.019988079281414217e+00
4.363582793164407780e-01 1.075864854542648130e+00
4.372421921037124570e-01 1.065967138418379978e+00
4.307601649970536073e-01 1.107591303174986663e+00
4.723040659988214651e-01 1.012091448640122238e+00
4.602239245727755002e-01 1.033335781053585256e+00
4.593400117855038212e-01 1.054862959967816538e+00
4.528579846788450269e-01 1.082685894387609871e+00
4.186800235710076423e-01 1.137871360187144854e+00
4.970536240424278107e-01 9.850400595323127728e-01
4.967589864466706029e-01 9.959069344708147975e-01
4.731879787860930886e-01 1.049915335086338608e+00
4.781968179139658437e-01 1.054846538011642076e+00
4.870359457866823560e-01 1.031217006309067541e+00
4.451974071891573459e-01 1.111650846460286335e+00
4.693576900412492758e-01 1.081327977864181333e+00
4.616971125515615948e-01 1.095563597484108254e+00
5.129640542133175884e-01 9.776719399892231932e-01
5.103123158515026070e-01 9.876511158312067939e-01
6.098998232174425160e-01 9.056488768581081317e-01
6.261048909840896126e-01 8.860536883859073676e-01
5.394814378314672920e-01 9.713075406958951996e-01
5.604007071302298248e-01 9.364972807028714152e-01
5.757218621096051869e-01 9.688027861582881872e-01
6.134354743665291210e-01 9.604977393413290931e-01
5.232763700648203065e-01 1.048720555708688940e+00
6.555686505598113945e-01 9.018251571585150783e-01
6.446670595167943718e-01 9.474989051985389654e-01
5.839717147908073391e-01 9.954232375192291205e-01
5.279905715969357427e-01 1.061019229593084034e+00
5.677666470241602426e-01 1.033861877396702766e+00
5.259281084266352879e-01 1.098122449591755867e+00
5.459634649381260862e-01 1.068893287577392437e+00
6.210960518562168575e-01 9.566206458736868923e-01
6.844431349440188717e-01 9.043028187006711960e-01
5.910430170889805490e-01 1.019572075100287023e+00
5.939893930465527383e-01 1.018339832915979182e+00
6.476134354743665611e-01 1.007206109571544550e+00
5.895698291101945099e-01 1.074897231999784708e+00
6.570418385385975446e-01 9.455227030660299237e-01
6.608721272834413574e-01 9.534869209370192555e-01
7.265763111373011451e-01 8.608005582628881491e-01
7.604596346493812664e-01 7.071270101758486692e-01
4.469652327637006484e-01 1.408643541693249235e+00
6.523276370064819973e-01 1.030662927817662888e+00
6.538008249852681475e-01 1.024380790069699287e+00
6.894519740718916267e-01 9.572895828853634770e-01
6.187389510901590839e-01 1.073477519635001487e+00
6.555686505598113945e-01 1.023289444445468099e+00
6.950500883912786865e-01 9.876977449337787096e-01
7.218621096051855979e-01 9.469676597372573834e-01
6.208014142604596497e-01 1.139527520205935174e+00
7.127283441367118222e-01 9.916118867832290906e-01
7.374779021803181678e-01 9.170326934305622624e-01
7.413081909251620916e-01 8.942447499344673423e-01
7.071302298173246514e-01 9.616310531136524897e-01
7.398350029463759414e-01 8.979597604723975612e-01
6.682380671773718861e-01 1.088688887778998193e+00
7.080141426045963859e-01 1.003812228959491959e+00
6.915144372421920815e-01 1.055038410019786932e+00
6.246317030053034625e-01 1.216336223050294540e+00
6.947554507955214786e-01 1.038421446573920548e+00
6.602828520919269417e-01 1.091433019308811536e+00
6.573364761343547524e-01 1.190185886170879392e+00
7.242192103712433715e-01 9.611931764726143745e-01
6.243370654095462546e-01 1.198844623060294268e+00
7.253977607542722028e-01 1.001202777760815454e+00
7.480848556275780936e-01 9.225597399396493481e-01
7.009428403064230650e-01 1.041787434828139070e+00
7.150854449027695958e-01 1.026693508049527859e+00
7.315851502651737892e-01 9.860350954455926464e-01
6.205067766647024419e-01 1.339783149028388687e+00
6.187389510901590839e-01 1.361155348641606144e+00
6.791396582203889087e-01 1.166676174034364522e+00
6.523276370064819973e-01 1.284039670533007493e+00
6.918090748379492894e-01 1.098919472585240475e+00
7.156747200942840115e-01 1.074115160900606325e+00
7.256923983500294106e-01 1.019865997108247324e+00
7.071302298173246514e-01 1.030964609050630143e+00
6.396582203889216167e-01 1.237062848197049814e+00
6.561579257513259211e-01 1.171541049210217622e+00
6.538008249852681475e-01 1.219111577532363766e+00
6.352386564525633883e-01 1.334954706618137754e+00
6.349440188568061805e-01 1.288524267755051689e+00
6.770771950500883429e-01 1.232798702586853201e+00
7.648791985857394948e-01 8.503241279121378504e-01
7.304065998821449579e-01 1.089746778885669620e+00
6.608721272834413574e-01 1.190523512887439850e+00
7.018267530936947995e-01 1.161718875707318910e+00
4.985268120212139054e-01 1.954885937837175014e+00
7.519151443724219064e-01 1.043300722544218573e+00
6.078373600471420612e-01 1.463406549999490380e+00
6.125515615792574975e-01 1.406479825048282839e+00
7.018267530936947995e-01 1.131895594357047230e+00
6.720683559222156989e-01 1.226311268187333381e+00
7.086034177961108016e-01 1.165941260604407059e+00
6.016499705362404748e-01 1.493404460993855709e+00
7.430760164997053385e-01 1.053235207287156472e+00
7.501473187978786594e-01 8.059919156572398213e-01
6.343547436652916538e-01 1.301818273398299253e+00
7.124337065409546144e-01 1.149336299987386623e+00
7.427813789039481307e-01 1.044138972308514157e+00
6.599882144961697339e-01 1.312343258857521677e+00
7.557454331172657191e-01 9.779490879942279724e-01
6.938715380082498552e-01 1.229496714540907920e+00
7.121390689451974065e-01 1.158619656008394339e+00
5.919269298762521725e-01 1.613764945215627744e+00
6.016499705362404748e-01 1.569993155665168283e+00
6.820860341779610980e-01 1.216347584247534419e+00
