3.252799057159693752e-01 1.106562235776115788e+00
3.252799057159693752e-01 1.099580964621375667e+00
3.252799057159693752e-01 1.091633254990858282e+00
3.252799057159693752e-01 1.082643684218911551e+00
3.252799057159693752e-01 1.080470944152158941e+00
3.252799057159693752e-01 1.079155718579011713e+00
3.252799057159693752e-01 1.078268375466851614e+00
3.252799057159693752e-01 1.074041792575050724e+00
3.252799057159693752e-01 1.074294391800375559e+00
3.526812021213907022e-01 1.069183670422610088e+00
3.350029463759575665e-01 1.072042060248991957e+00
3.391278727165586426e-01 1.068832641138749873e+00
3.685916322922804800e-01 1.058454122613458059e+00
4.245727754861520209e-01 1.055361574186998164e+00
4.593400117855038212e-01 1.049338614239412104e+00
5.191514437242191748e-01 1.043041446629692448e+00
4.531526222746022348e-01 1.042260993929470247e+00
4.784914555097230515e-01 1.031391934436910240e+00
5.639363582793164298e-01 1.027989936225554457e+00
5.385975250441956685e-01 1.020919051240472220e+00
5.848556275780789626e-01 1.023878202718846886e+00
5.963464938126105119e-01 1.008865139063666927e+00
6.131408367707719131e-01 1.002336898270775212e+00
6.060695344725987033e-01 1.004826032063540264e+00
5.972304065998821354e-01 1.005413541022468937e+00
6.328815556865056147e-01 9.970475575503181531e-01
6.311137301119622567e-01 9.906714190455043756e-01
6.190335886859162917e-01 9.898056387901306152e-01
6.296405421331762176e-01 9.804144063416648791e-01
6.237477902180318390e-01 9.862399784957661675e-01
6.308190925162050489e-01 9.849048747735864584e-01
6.349440188568061805e-01 9.706025456680971164e-01
6.266941661756040283e-01 9.730655252933502197e-01
6.181496758986446682e-01 9.681002339896034314e-01
6.210960518562168575e-01 9.588543334428001330e-01
6.113730111962286662e-01 9.574429655776304227e-01
6.284619917501472752e-01 9.560589860467350043e-01
6.140247495580436476e-01 9.471496922128340712e-01
6.104890984089569317e-01 9.401605251957388942e-01
6.146140247495580633e-01 9.397314962218789036e-01
6.090159104301708926e-01 9.336342040230246608e-01
6.190335886859162917e-01 9.274179637432098389e-01
6.128461991750147053e-01 9.248054027557373047e-01
6.287566293459044831e-01 9.127030197311850612e-01
6.178550383028874604e-01 9.124178798759684517e-01
6.110783736004714584e-01 9.098946504733141927e-01
6.072480848556275346e-01 9.117947939564200466e-01
6.104890984089569317e-01 9.051712716326993924e-01
6.072480848556275346e-01 9.039202577927533122e-01
6.075427224513847424e-01 8.987166022553163547e-01
6.149086623453152711e-01 8.838667799444759332e-01
6.087212728344136847e-01 8.905175959362703342e-01
6.078373600471420612e-01 8.885634103242088244e-01
6.093105480259281004e-01 8.705302468117546155e-01
6.060695344725987033e-01 8.854443816577687310e-01
6.051856216853270798e-01 8.900652142132029487e-01
6.113730111962286662e-01 8.645073745180579250e-01
6.081319976428992691e-01 8.769029755802715265e-01
6.107837360047142505e-01 8.535914009108263034e-01
6.016499705362404748e-01 8.607896908241159384e-01
6.028285209192693062e-01 8.573260938420015354e-01
6.063641720683559111e-01 8.549548536539077759e-01
5.972304065998821354e-01 8.638103919870713243e-01
5.783736004714201684e-01 8.836876416907590848e-01
5.801414260459634153e-01 8.716163547600016548e-01
5.766057748968768104e-01 8.706469719900804538e-01
5.863288155568650017e-01 8.622468184022342719e-01
5.939893930465527383e-01 8.616110577302820150e-01
5.792575132586917919e-01 8.614306791740304892e-01
5.639363582793164298e-01 8.666808315936256335e-01
5.733647613435474133e-01 8.594019220155828531e-01
5.391868002357100842e-01 8.746896649108213406e-01
5.123747790218031728e-01 8.963128941900589952e-01
5.418385385975250657e-01 8.749726598753648776e-01
5.138479670005893230e-01 8.944489719236597969e-01
5.079552150854449444e-01 9.017420726663926134e-01
5.383028874484384607e-01 8.787418621427872667e-01
5.064820271066587942e-01 9.116556609378141385e-01
4.864466705951679404e-01 9.349489413640078572e-01
4.929286977018267346e-01 9.215585528051152275e-01
5.032410135533293971e-01 9.093360944705850546e-01
4.867413081909251482e-01 9.410960674285888672e-01
5.053034767236299629e-01 9.210113769068437595e-01
4.787860931054802593e-01 9.527827992158777182e-01
4.994107248084855843e-01 9.272366078460917427e-01
4.761343547436652779e-01 9.688412739950067465e-01
4.443134944018856669e-01 9.853562997544512703e-01
4.322333529758397019e-01 1.026828570839236843e+00
4.914555097230406400e-01 9.588874473291284506e-01
4.755450795521508622e-01 9.822049132164787366e-01
4.693576900412492758e-01 9.807714714723474447e-01
4.413671184443134776e-01 1.027916753555045304e+00
4.422510312315851566e-01 1.022792478694635188e+00
4.413671184443134776e-01 1.011498996878371415e+00
4.395992928697701752e-01 1.029975559781579397e+00
4.354743665291690990e-01 1.052830636063042835e+00
4.404832056570418541e-01 1.044796131112996296e+00
4.366529169121979859e-01 1.050352981861899959e+00
4.516794342958161401e-01 1.040430123753407488e+00
4.404832056570418541e-01 1.058435181703637706e+00
5.020624631703005658e-01 9.896158159655683573e-01
4.395992928697701752e-01 1.094463556785793878e+00
4.401885680612846463e-01 1.064378497574259175e+00
4.334119033588685888e-01 1.148299525984946445e+00
4.363582793164407780e-01 1.122217109098153864e+00
4.269298762522097945e-01 1.176153757992912663e+00
4.342958161461402677e-01 1.143383940572247681e+00
4.201532115497937370e-01 1.175621260395821377e+00
4.395992928697701752e-01 1.136806970133500849e+00
4.354743665291690990e-01 1.148256708155660055e+00
4.378314672952268727e-01 1.143139313687296488e+00
4.254566882734236999e-01 1.225656142567887130e+00
4.395992928697701752e-01 1.166691041715881338e+00
4.119033588685916403e-01 1.311764428172917940e+00
4.313494401885680785e-01 1.249092555221389400e+00
4.581614614024749343e-01 1.173156465458519371e+00
4.057159693576900539e-01 1.335176943417857753e+00
4.113140836770771691e-01 1.353095646071083458e+00
4.110194460813199613e-01 1.381339852643363564e+00
4.110194460813199613e-01 1.362553795032641402e+00
3.933411903358868811e-01 1.464334526921019730e+00
3.998232174425456753e-01 1.497019528411328793e+00
4.286977018267530970e-01 1.304315523627926243e+00
4.251620506776664921e-01 1.423607998911072148e+00
3.980553918680023728e-01 1.483880366965690145e+00
3.924572775486152021e-01 1.604079896584153175e+00
4.773129051266941647e-01 1.212580499513184362e+00
4.077784325279905642e-01 1.475798227386001304e+00
4.124926340601060559e-01 1.464983694693621441e+00
4.213317619328226238e-01 1.419901338734609331e+00
4.092516205067766588e-01 1.462806222357732500e+00
3.989393046552739963e-01 1.624943809528999417e+00
4.334119033588685888e-01 1.425728645175695419e+00
4.036535061873894881e-01 1.635155423653914752e+00
4.145550972304066217e-01 1.571964970077661894e+00
3.924572775486152021e-01 1.708991525393417588e+00
4.163229228049499242e-01 1.614947765873854690e+00
3.709487330583382536e-01 1.941550789976163927e+00
4.086623453152622432e-01 1.623259702587828812e+00
4.077784325279905642e-01 1.709722562419141001e+00
3.956982911019445992e-01 1.727355355369474932e+00
4.142604596346493584e-01 1.616354026859078363e+00
4.236888626988803974e-01 1.669146043960662462e+00
4.068945197407189407e-01 1.712346789481885345e+00
4.098408956982910745e-01 1.679415482233333146e+00
3.939304655274012967e-01 1.795036061256028326e+00
3.933411903358868811e-01 1.938499873558826359e+00
4.065998821449616774e-01 1.785030545721597584e+00
3.544490276959340047e-01 2.318772080655702617e+00
4.310548025928108151e-01 1.623570487396243767e+00
3.903948143783146918e-01 1.973507433362743368e+00
3.915733647613435231e-01 2.100063148817485903e+00
3.927519151443724099e-01 1.906093011363683365e+00
3.845020624631703132e-01 2.150496289942084971e+00
4.024749558043606568e-01 1.831816459595061453e+00
4.027695934001178646e-01 1.973657235599068249e+00
4.033588685916322802e-01 1.985430888009860340e+00
3.942251031231585046e-01 1.998217675670543203e+00
3.868591632292280313e-01 2.234565794276182960e+00
4.257513258691809077e-01 1.834334915969520807e+00
3.954036535061873914e-01 2.109968791702105051e+00
3.895109015910430128e-01 2.225655923542730896e+00
3.862698880377136157e-01 2.299906670786988183e+00
4.068945197407189407e-01 2.012255474993520643e+00
3.877430760164997103e-01 2.182373057475642142e+00
4.116087212728344324e-01 1.938727910082568062e+00
4.325279905715969098e-01 1.725788061657701267e+00
3.842074248674131054e-01 2.416775527759455144e+00
3.892162639952858050e-01 2.275130957591018799e+00
4.263406010606953234e-01 1.887184931444661595e+00
4.257513258691809077e-01 1.903188471956288152e+00
4.260459634649381155e-01 1.953222886234631472e+00
3.856806128461992000e-01 2.565829285016447692e+00
3.898055391868002206e-01 2.528628645923591378e+00
4.042427813789039592e-01 2.100998362622168880e+00
4.257513258691809077e-01 1.860570808269960130e+00
4.251620506776664921e-01 1.963749098612050270e+00
4.360636417206835702e-01 2.142680840388707431e+00
4.130819092516205271e-01 2.147539494203074995e+00
3.579846788450206096e-01 2.880292800549582033e+00
4.345904537418974756e-01 1.862068195841001250e+00
4.313494401885680785e-01 1.985989204861278390e+00
4.360636417206835702e-01 1.954195318339556842e+00
3.856806128461992000e-01 2.560390956655336225e+00
4.230995875073659263e-01 2.038383488913121599e+00
3.812610489098409161e-01 2.847667390134815513e+00
3.892162639952858050e-01 2.772920619169085832e+00
4.080730701237477720e-01 2.339445058146820244e+00
3.750736593989393297e-01 2.785562196996419271e+00
4.398939304655273830e-01 2.017001161748981808e+00
3.836181496758986342e-01 2.624472637095844885e+00
3.936358279316440889e-01 2.461771937080330375e+00
3.962875662934590704e-01 2.544277656217352135e+00
3.992339422510312041e-01 2.344344279365888184e+00
3.915733647613435231e-01 2.540153627348926690e+00
3.936358279316440889e-01 2.630271654035074125e+00
4.316440777843252863e-01 2.067590709029258456e+00
4.095462581025338666e-01 2.357891560049371282e+00
3.883323512080141260e-01 2.659538321210728640e+00
3.827342368886270108e-01 2.800251226697582752e+00
