3.556275780789628915e-01 1.093356691739138409e+00
3.971714790807306938e-01 1.082869040615418443e+00
3.544490276959340047e-01 1.075431832495857609e+00
3.824395992928697474e-01 1.070670259349486342e+00
4.272245138479670024e-01 1.063515138976714125e+00
4.802592810842663540e-01 1.058619651724310495e+00
5.465527401296405019e-01 1.047292777720619572e+00
5.668827342368886191e-01 1.040872224990059269e+00
5.907483794932233412e-01 1.033619163667454544e+00
5.385975250441956685e-01 1.028746434870888127e+00
5.327047731290512900e-01 1.019352341399473394e+00
5.562757807896288043e-01 1.014208674430847168e+00
5.486152032999410677e-01 1.004985506043714727e+00
5.468473777253977097e-01 9.947734983528361274e-01
5.813199764289923577e-01 9.901267816038692438e-01
5.548025928108426541e-01 9.861339470919441297e-01
5.680612846199174504e-01 9.802545992767109917e-01
5.406599882144961233e-01 9.774295933106366130e-01
5.509723040659988413e-01 9.711628749090082113e-01
5.550972304065998619e-01 9.618914705865523329e-01
5.441956393635828393e-01 9.622806152876686170e-01
5.456688273423688784e-01 9.532562792301177979e-01
5.335886859163229134e-01 9.555281032534206354e-01
5.327047731290512900e-01 9.524716577109169080e-01
5.530347672362994071e-01 9.470680022940916043e-01
5.368296994696523106e-01 9.421614057877484294e-01
5.327047731290512900e-01 9.376263671061572103e-01
5.447849145550972549e-01 9.396173691048341770e-01
5.418385385975250657e-01 9.364680367357590685e-01
5.406599882144961233e-01 9.283444583415985107e-01
5.486152032999410677e-01 9.287418591625550279e-01
5.415439010017678578e-01 9.268799222567501994e-01
5.468473777253977097e-01 9.211125557913499851e-01
5.444902769593400471e-01 9.059780748451456978e-01
5.424278137890394813e-01 9.070636445985120755e-01
5.447849145550972549e-01 9.063568816465490396e-01
5.418385385975250657e-01 9.048700464122435561e-01
5.456688273423688784e-01 8.884715359000598944e-01
5.441956393635828393e-01 8.921343692961860583e-01
5.415439010017678578e-01 8.901696757358663614e-01
5.441956393635828393e-01 8.953259990495794352e-01
5.412492634060106500e-01 8.828750997781753540e-01
5.430170889805538970e-01 8.833346542190102513e-01
5.341779611078373291e-01 8.679360361660227730e-01
5.388921626399528764e-01 8.737171555266660672e-01
5.350618738951090636e-01 8.708588849095737494e-01
5.400707130229817077e-01 8.737714132841896131e-01
5.400707130229817077e-01 8.839313440463122395e-01
5.391868002357100842e-01 8.663338186109766914e-01
5.424278137890394813e-01 8.654955362572389621e-01
5.418385385975250657e-01 8.681032534907845433e-01
5.409546258102534422e-01 8.615402535480611856e-01
5.468473777253977097e-01 8.535555504700717000e-01
5.412492634060106500e-01 8.541156859958872749e-01
5.444902769593400471e-01 8.584068224710577066e-01
5.474366529169122364e-01 8.547204592648673938e-01
5.494991160872126912e-01 8.470241602729348118e-01
5.509723040659988413e-01 8.572953027837416640e-01
5.362404242781378949e-01 8.673187012181562405e-01
5.518562168532704648e-01 8.437596165082034139e-01
5.503830288744844257e-01 8.462358564138412476e-01
5.524454920447848805e-01 8.543555473580080051e-01
5.515615792575132570e-01 8.489771581747952434e-01
5.509723040659988413e-01 8.347821616951156543e-01
5.506776664702416335e-01 8.505664406453862236e-01
5.509723040659988413e-01 8.449055324582492865e-01
5.500883912787272179e-01 8.537733866011395500e-01
5.556865055981142776e-01 8.338849408661618279e-01
5.500883912787272179e-01 8.415793048984864244e-01
5.553918680023570698e-01 8.376728405847269077e-01
5.506776664702416335e-01 8.427090859588455274e-01
5.553918680023570698e-01 8.369312185574980800e-01
5.568650559811432199e-01 8.377543183810570726e-01
5.559811431938714854e-01 8.332065685706979696e-01
5.545079552150854463e-01 8.426788392312386522e-01
5.515615792575132570e-01 8.490437913466902797e-01
5.648202710665880533e-01 8.340026565334376363e-01
5.595167943429582014e-01 8.424247082541970189e-01
5.562757807896288043e-01 8.480242744964712198e-01
5.710076605774896397e-01 8.300967457539895067e-01
5.618738951090158640e-01 8.443805259816786757e-01
5.624631703005303907e-01 8.464224502882536916e-01
5.648202710665880533e-01 8.440254381036057518e-01
5.707130229817324318e-01 8.418657547410797193e-01
5.568650559811432199e-01 8.615623721305061267e-01
5.704183853859752240e-01 8.421401206184836452e-01
5.692398350029463927e-01 8.532229243394207074e-01
5.662934590453742034e-01 8.539772563997436450e-01
5.739540365350618289e-01 8.505277114317697507e-01
5.718915733647613742e-01 8.587403428905150404e-01
5.718915733647613742e-01 8.636698898147133763e-01
5.713022981732469585e-01 8.746367140727884237e-01
5.792575132586917919e-01 8.540909881977474249e-01
5.748379493223335635e-01 8.793436063124853153e-01
5.801414260459634153e-01 8.629344287602340735e-01
5.792575132586917919e-01 8.823280579903546306e-01
5.739540365350618289e-01 8.878438332501579211e-01
5.789628756629345840e-01 8.802458389716989462e-01
5.813199764289923577e-01 8.860025949337902995e-01
5.751325869180907713e-01 9.087093256633070881e-01
5.721862109605185820e-01 9.141598844572025317e-01
5.754272245138479791e-01 9.061792981536949121e-01
5.589275191514436747e-01 9.481755058993311946e-01
5.689451974071891849e-01 9.358493212391348903e-01
5.718915733647613742e-01 9.350123003344325001e-01
5.822038892162639812e-01 9.203264495248303367e-01
5.774896876841485449e-01 9.261124428799923924e-01
5.774896876841485449e-01 9.167885595165631285e-01
5.695344725987036005e-01 9.587308624211479113e-01
5.757218621096051869e-01 9.554492211626732789e-01
5.639363582793164298e-01 9.778062368688338335e-01
5.745433117265763556e-01 9.622882281375282343e-01
5.742486741308191478e-01 9.709817726055488540e-01
5.671773718326458269e-01 9.713140683358206795e-01
5.639363582793164298e-01 9.915397599449052857e-01
5.766057748968768104e-01 9.950771880171754846e-01
5.798467884502062075e-01 1.007665226619471444e+00
5.671773718326458269e-01 1.008109496248995596e+00
5.810253388332351498e-01 9.902549584615317757e-01
5.760164997053623948e-01 1.013604585629175769e+00
5.786682380671773762e-01 1.022053235429613016e+00
5.751325869180907713e-01 1.051749733550583654e+00
5.683559222156747692e-01 1.050214142730349964e+00
5.774896876841485449e-01 1.007144152022459993e+00
5.721862109605185820e-01 1.051677385838154510e+00
5.827931644077783968e-01 1.091463733368607913e+00
5.751325869180907713e-01 1.072753015316694203e+00
5.774896876841485449e-01 1.100681039463619060e+00
5.606953447259870327e-01 1.171216677032027587e+00
5.695344725987036005e-01 1.156648419934379612e+00
5.810253388332351498e-01 1.203514729626476765e+00
5.780789628756629606e-01 1.080328764393925667e+00
5.780789628756629606e-01 1.087443521739367203e+00
5.816146140247495655e-01 1.093644526704926623e+00
5.789628756629345840e-01 1.137213623568908760e+00
5.804360636417207342e-01 1.156810271334560491e+00
5.704183853859752240e-01 1.177134752184536115e+00
5.816146140247495655e-01 1.101608290788991473e+00
5.786682380671773762e-01 1.091069071772782229e+00
5.754272245138479791e-01 1.167188655543962783e+00
5.718915733647613742e-01 1.240574451245586740e+00
5.830878020035356046e-01 1.099974271101767487e+00
5.839717147908073391e-01 1.101105040418641545e+00
5.783736004714201684e-01 1.151494361220530394e+00
5.783736004714201684e-01 1.105840946095721700e+00
5.795521508544489997e-01 1.226882767801940055e+00
5.789628756629345840e-01 1.143083339132478171e+00
5.819092516205067733e-01 1.209613218163961834e+00
5.742486741308191478e-01 1.145451054894639276e+00
5.889805539186799832e-01 1.076759534449700073e+00
5.792575132586917919e-01 1.199582945206202567e+00
5.713022981732469585e-01 1.312316300682997428e+00
5.674720094284030347e-01 1.119076161932967217e+00
5.842663523865645470e-01 1.136152073467040724e+00
5.786682380671773762e-01 1.197605485493755451e+00
5.810253388332351498e-01 1.179742866168346449e+00
5.763111373011196026e-01 1.233182529377860659e+00
5.715969357690041663e-01 1.280889558174428178e+00
5.810253388332351498e-01 1.317587358863366864e+00
5.695344725987036005e-01 1.306244976373444056e+00
5.819092516205067733e-01 1.162145794595263126e+00
5.757218621096051869e-01 1.261676357394796444e+00
6.054802592810842876e-01 1.240108932861510471e+00
5.842663523865645470e-01 1.135756377753911250e+00
5.854449027695933783e-01 1.200291218523703130e+00
5.648202710665880533e-01 1.288322763431899443e+00
5.780789628756629606e-01 1.248491508146638340e+00
5.892751915144371910e-01 1.308440973930855122e+00
5.630524454920448063e-01 1.236694513477713642e+00
5.792575132586917919e-01 1.206056746061863860e+00
5.707130229817324318e-01 1.301554673460914913e+00
5.754272245138479791e-01 1.309441766729030565e+00
5.657041838538597878e-01 1.260694581299664163e+00
5.710076605774896397e-01 1.373116920897326176e+00
5.621685327047731828e-01 1.468325190369368372e+00
5.945786682380671540e-01 1.271245176643680974e+00
5.710076605774896397e-01 1.206134718942099893e+00
5.845609899823217548e-01 1.225032461005920448e+00
5.795521508544489997e-01 1.316258225274984373e+00
5.795521508544489997e-01 1.280507791513467497e+00
5.816146140247495655e-01 1.174391033641500881e+00
5.692398350029463927e-01 1.291425577700411997e+00
6.013553329404831560e-01 1.271488442030899613e+00
5.813199764289923577e-01 1.344058681272572997e+00
5.816146140247495655e-01 1.264407691285561963e+00
5.689451974071891849e-01 1.192417159067083343e+00
5.789628756629345840e-01 1.257264382397646374e+00
5.795521508544489997e-01 1.283637165739063946e+00
5.710076605774896397e-01 1.253234210694619710e+00
5.830878020035356046e-01 1.244771772365578899e+00
5.674720094284030347e-01 1.325929269739015703e+00
5.786682380671773762e-01 1.250150017974460015e+00
5.801414260459634153e-01 1.255193129513987982e+00
5.783736004714201684e-01 1.244379028462229586e+00
5.813199764289923577e-01 1.199507622650879179e+00
5.648202710665880533e-01 1.314777860229643158e+00
5.998821449616971169e-01 1.173162311726414053e+00
5.701237477902180162e-01 1.311068496677120665e+00
5.904537418974661334e-01 1.296148485435611120e+00
5.919269298762521725e-01 1.120192701284609349e+00
