2.716558632881555524e-01 1.141253758879268831e+00
2.162639952857984549e-01 1.138757460257586285e+00
2.575132586918090771e-01 1.115497536518994526e+00
2.928697701826752930e-01 1.102996466790928665e+00
3.491455509723040418e-01 1.092562701772241018e+00
3.791985857395403503e-01 1.084420260261086844e+00
4.944018856806128293e-01 1.075453071033253494e+00
4.932233352975839979e-01 1.070947696180904574e+00
4.837949322333529589e-01 1.063264850307913401e+00
4.852681202121390536e-01 1.068726208280114554e+00
4.985268120212139054e-01 1.064700184499516311e+00
5.044195639363582284e-01 1.058515077128129755e+00
5.044195639363582284e-01 1.058477098450941289e+00
4.761343547436652779e-01 1.051703687976388357e+00
4.631703005303476894e-01 1.049398478339700125e+00
4.793753682969946750e-01 1.036298928891911331e+00
4.546258102533883294e-01 1.041398220202502056e+00
4.740718915733647676e-01 1.036494826569276606e+00
4.678845020624631812e-01 1.024182956008350187e+00
4.395992928697701752e-01 1.023762301487081139e+00
4.172068355922215477e-01 1.020121283390942768e+00
4.348850913376546834e-01 1.007936954498291016e+00
4.251620506776664921e-01 1.001275141449535555e+00
4.107248084855627535e-01 9.836804621359881429e-01
4.301708898055391916e-01 9.701671319849350938e-01
4.251620506776664921e-01 9.684131811646854437e-01
4.216263995285798316e-01 9.498083363561069525e-01
4.304655274012963995e-01 9.392639670301886623e-01
4.172068355922215477e-01 9.262675117043888129e-01
4.124926340601060559e-01 9.154491056414211236e-01
4.340011785503830044e-01 8.979133674327064440e-01
4.345904537418974756e-01 8.966269545695361165e-01
4.310548025928108151e-01 8.911974302986088725e-01
4.616971125515615948e-01 8.728057203047415724e-01
4.363582793164407780e-01 8.669051497298128073e-01
4.390100176782557595e-01 8.608209210283616075e-01
4.428403064230995723e-01 8.518071139560026150e-01
4.478491455509723274e-01 8.491053931853350667e-01
4.796700058927519383e-01 8.390454268630813672e-01
4.519740718915733479e-01 8.365953260046594675e-01
5.097230406599881913e-01 8.216343657935366585e-01
4.634649381261048973e-01 8.336259521105710002e-01
4.826163818503241276e-01 8.233047123340999640e-01
4.814378314672952408e-01 8.181920218117096910e-01
4.634649381261048973e-01 8.274856896742301959e-01
4.661166764879198787e-01 8.238912477870198314e-01
4.640542133176193129e-01 8.296368543935173090e-01
4.731879787860930886e-01 8.177920476916957782e-01
4.614024749558043870e-01 8.318709563463926315e-01
4.672952268709487100e-01 8.358197681167546245e-01
4.908662345315262243e-01 8.143373418818501408e-01
4.808485562757807696e-01 8.162817443337511136e-01
5.271066588096641192e-01 7.946636144290951664e-01
4.855627578078962614e-01 8.178211873506798790e-01
5.038302887448438128e-01 8.021566587335923204e-01
4.955804360636417161e-01 8.130549230229329183e-01
5.053034767236299629e-01 8.070861585986088826e-01
5.391868002357100842e-01 7.965939272304668473e-01
5.385975250441956685e-01 7.938392117948216420e-01
4.896876841484973375e-01 8.298311977482893953e-01
5.506776664702416335e-01 7.937834185602909987e-01
5.085444902769593600e-01 8.123689735417857216e-01
5.771950500883912261e-01 7.863215584965312921e-01
5.810253388332351498e-01 7.783470204209580467e-01
5.247495580436063456e-01 8.108504905968028087e-01
4.982321744254566975e-01 8.296891731648322610e-01
5.117855038302887571e-01 8.192368082647376593e-01
5.771950500883912261e-01 7.850304256905528133e-01
4.817324690630524486e-01 8.400069474900031530e-01
5.359457866823806871e-01 8.044646864702158506e-01
5.842663523865645470e-01 7.833396980319830005e-01
5.824985268120211890e-01 7.729766740573241757e-01
5.783736004714201684e-01 7.843928788788616657e-01
5.312315851502651398e-01 8.071827793165164966e-01
5.332940483205657056e-01 8.099886945120113868e-01
5.521508544490276726e-01 8.008231057456749458e-01
5.845609899823217548e-01 7.878327076597249068e-01
5.824985268120211890e-01 7.794215434696525335e-01
5.771950500883912261e-01 7.971829390153288841e-01
5.839717147908073391e-01 7.784692811889245556e-01
5.801414260459634153e-01 7.773567540845012225e-01
5.972304065998821354e-01 7.621466039186891583e-01
5.680612846199174504e-01 7.903087582466575833e-01
5.795521508544489997e-01 7.740418453262570830e-01
5.901591043017089255e-01 7.693276775672155399e-01
5.934001178550383226e-01 7.573402365943526782e-01
5.981143193871537589e-01 7.549119878231602687e-01
5.934001178550383226e-01 7.660740717889412688e-01
5.713022981732469585e-01 7.838541437214350260e-01
6.107837360047142505e-01 7.482246089014498169e-01
5.936947554507955305e-01 7.607206937802188929e-01
5.654095462581025799e-01 7.993187655913917000e-01
6.084266352386564769e-01 7.426058915991555764e-01
6.131408367707719131e-01 7.485497360775137388e-01
6.588096641131407916e-01 7.058067064841880844e-01
6.558632881555686023e-01 7.015779228086638231e-01
6.143193871538008555e-01 7.460770924192141607e-01
6.608721272834413574e-01 7.180566747316762255e-01
6.608721272834413574e-01 6.930536324815714799e-01
6.443724219210371640e-01 7.243931692586663695e-01
6.040070713022981375e-01 7.613435299615102236e-01
6.199175014731880262e-01 7.491265742710846443e-01
6.514437242192103739e-01 7.042823278153425015e-01
6.720683559222156989e-01 6.931942795978530691e-01
6.770771950500883429e-01 6.765747936168575727e-01
6.655863288155569046e-01 6.967961951295900125e-01
7.071302298173246514e-01 6.655990681337082826e-01
6.826753093694755137e-01 6.757164592717719298e-01
6.378903948143783698e-01 7.286327805041390437e-01
6.776664702416028696e-01 6.838299905579975357e-01
6.367118444313494274e-01 6.990674519637489759e-01
6.726576311137301145e-01 7.031265126459080861e-01
6.649970536240423780e-01 6.875877302098909460e-01
6.997642899233942337e-01 6.733113093137302885e-01
6.977018267530936679e-01 6.623422327478799554e-01
7.027106658809664230e-01 6.627650381449390338e-01
7.077195050088391781e-01 6.655909026397720529e-01
7.398350029463759414e-01 6.202102107379365847e-01
7.133176193282262378e-01 6.417455000748091276e-01
7.127283441367118222e-01 6.609474750482203786e-01
6.915144372421920815e-01 6.858884489081580327e-01
7.103712433706540486e-01 6.299710396321162031e-01
7.018267530936947995e-01 6.373599942992714817e-01
7.604596346493812664e-01 5.909356981351533422e-01
7.436652916912197542e-01 6.132908331860295048e-01
7.136122569239834457e-01 6.415275270941064312e-01
7.156747200942840115e-01 6.395314580569153584e-01
7.265763111373011451e-01 6.416848864652874296e-01
7.495580436063641327e-01 5.920650762615397023e-01
7.233352975839717480e-01 6.369922507061239747e-01
7.324690630524455237e-01 6.205440789378959821e-01
7.088980553918680094e-01 6.589858029585551336e-01
7.227460223924573324e-01 6.395078234045821208e-01
7.498526812021213406e-01 5.912016126436784313e-01
7.575132586918090771e-01 5.877831729731577415e-01
7.542722451384796800e-01 5.814649276161456548e-01
7.301119622863877501e-01 6.217949640088002994e-01
7.404242781378903571e-01 6.065240487155011406e-01
7.551561579257513035e-01 5.708185484468498716e-01
7.245138479670005793e-01 6.225018159431570108e-01
7.569239835002946615e-01 5.713833798654377460e-01
7.416028285209192994e-01 6.098330049392055585e-01
7.071302298173246514e-01 6.619489054496893177e-01
7.333529758397171472e-01 6.361382503665107269e-01
7.227460223924573324e-01 6.511464960571816674e-01
7.365939893930465443e-01 6.355729830341741993e-01
7.421921037124337150e-01 6.374585849013837402e-01
7.474955804360636780e-01 5.878324819016543801e-01
7.498526812021213406e-01 6.104556880343485759e-01
7.513258691809074907e-01 6.187365573063930979e-01
7.071302298173246514e-01 6.995622898068498685e-01
7.377725397760753756e-01 6.226367434103261544e-01
7.121390689451974065e-01 6.930148884763612793e-01
7.038892162639952543e-01 7.237758713856559112e-01
7.318797878609311081e-01 6.626015002017512368e-01
7.315851502651737892e-01 6.388774977120406096e-01
7.186210960518562008e-01 6.771123273407712029e-01
6.994696523276370259e-01 7.159307158196016596e-01
7.507365939893930751e-01 6.048868229503140403e-01
6.758986446670595116e-01 7.745521281133679325e-01
6.800235710076605322e-01 8.013064613812329595e-01
7.404242781378903571e-01 6.430848422186339342e-01
7.318797878609311081e-01 6.431589988882050468e-01
7.156747200942840115e-01 6.905805727686075146e-01
7.106658809664113674e-01 7.051992807948195274e-01
7.454331172657631122e-01 6.154616127502831047e-01
6.991750147318798181e-01 7.750414452405974819e-01
7.097819681791396329e-01 7.390461119220537167e-01
7.206835592221567666e-01 6.121472594437792347e-01
7.312905126694165814e-01 6.608738310032469254e-01
7.186210960518562008e-01 7.058795830782722547e-01
7.607542722451384742e-01 6.141443704802762582e-01
7.139068945197407645e-01 7.376970475512173442e-01
6.891573364761343079e-01 7.550200748887351265e-01
6.673541543901001516e-01 8.247233559788369472e-01
7.200942840306423509e-01 7.317975097582402055e-01
7.065409546258102358e-01 7.859561668078908214e-01
7.127283441367118222e-01 7.399862722000655202e-01
6.882734236888626844e-01 8.163082895882647350e-01
7.401296405421331492e-01 6.612026565845179338e-01
7.339422510312315628e-01 6.652526919565656671e-01
7.477902180318208858e-01 6.321640238439774073e-01
6.882734236888626844e-01 7.751825171221485844e-01
7.292280494991161266e-01 6.826176619540680335e-01
6.921037124337064972e-01 7.671801704666850741e-01
7.286387743076015999e-01 6.522340818636995774e-01
7.118444313494401987e-01 7.328937366632196637e-01
6.926929876252210239e-01 7.847394983092432774e-01
7.047731290512669888e-01 7.924169122570139390e-01
7.245138479670005793e-01 6.906434427125051068e-01
7.354154390100177130e-01 6.212565380367723877e-01
5.945786682380671540e-01 9.588441096506464811e-01
7.501473187978786594e-01 6.205613838700467788e-01
7.351208014142605052e-01 6.519843272946994617e-01
7.189157336476134086e-01 7.063552905832800599e-01
7.118444313494401987e-01 7.515239591354175852e-01
7.009428403064230650e-01 7.429321459631490487e-01
7.262816735415439373e-01 6.936183791498050644e-01
7.206835592221567666e-01 7.092668489717385283e-01
7.398350029463759414e-01 6.558913316112011671e-01
