4.410724808485562698e-01 1.074941412490956871e+00
4.121979964643488481e-01 1.054646234301959806e+00
4.313494401885680785e-01 1.034970877801670852e+00
4.151443724219210374e-01 1.021002958802615934e+00
3.921626399528579943e-01 1.012352948679643427e+00
4.124926340601060559e-01 1.003504779408959768e+00
4.628756629345904261e-01 9.929142015821793565e-01
4.540365350618739138e-01 9.896676277413087863e-01
4.446081319976428747e-01 9.884272340465994899e-01
4.434295816146140434e-01 9.807201553793514215e-01
4.278137890394814180e-01 9.770024611669427816e-01
4.089569829110194510e-01 9.755994318162694023e-01
4.136711844431349427e-01 9.698558151721954346e-01
4.101355332940483378e-01 9.622582188423942640e-01
3.703594578668237824e-01 9.625578925890081461e-01
4.560989982321744241e-01 9.455759630483739908e-01
3.579846788450206096e-01 9.620808739872539483e-01
3.780200353565114635e-01 9.568310870843774740e-01
3.515026517383618154e-01 9.605199861175873766e-01
4.177961107837360188e-01 9.393837460700202868e-01
4.228049499116087184e-01 9.388386501985437338e-01
3.659398939304655540e-01 9.471972014974144871e-01
4.416617560400706854e-01 9.268988879287943794e-01
4.614024749558043870e-01 9.228191437090144111e-01
4.702416028285208993e-01 9.233118111596387845e-01
4.180907483794932267e-01 9.283264472204095785e-01
4.814378314672952408e-01 9.165295949753593518e-01
4.681791396582203890e-01 9.222095740192076674e-01
5.064820271066587942e-01 9.036074868019889905e-01
5.403653506187389155e-01 8.871416379423702203e-01
5.453741897466116706e-01 8.754091271582771228e-01
5.453741897466116706e-01 8.757508099079132080e-01
5.453741897466116706e-01 8.711297656683361090e-01
5.453741897466116706e-01 8.760583576034096653e-01
5.453741897466116706e-01 8.645515043069335048e-01
5.542133176193282385e-01 8.376995899221476582e-01
5.527401296405420883e-01 8.642311578287797946e-01
5.651149086623452611e-01 8.408317771904608717e-01
5.674720094284030347e-01 8.292191515074056607e-01
5.639363582793164298e-01 8.507120337556389744e-01
5.654095462581025799e-01 8.343907936530954306e-01
5.677666470241602426e-01 8.299676512970644016e-01
5.795521508544489997e-01 8.041604240151012384e-01
5.798467884502062075e-01 8.002586772336679477e-01
6.043017088980553453e-01 7.896134669289869290e-01
5.925162050677666992e-01 7.939904075773323022e-01
6.258102533883324048e-01 7.758107794558301018e-01
6.131408367707719131e-01 7.876917546724572228e-01
6.411314083677077669e-01 7.568923587746479997e-01
6.240424278137890468e-01 7.714516759357031850e-01
6.240424278137890468e-01 7.817507127628606778e-01
6.255156157925750859e-01 7.641085040043381627e-01
6.387743076016499932e-01 7.625612303176346751e-01
6.367118444313494274e-01 7.663821479415192650e-01
6.502651738361815426e-01 7.494076560525333441e-01
6.538008249852681475e-01 7.385048537569887106e-01
6.526222746022392052e-01 7.384203957284197761e-01
6.535061873895109397e-01 7.391655669711968413e-01
6.496758986446670159e-01 7.439614652710802023e-01
7.283441367118443921e-01 7.023369737846010263e-01
6.573364761343547524e-01 7.254389480632894571e-01
6.431938715380082217e-01 7.526113799608805666e-01
6.974071891573364601e-01 7.257581572322284735e-01
6.555686505598113945e-01 7.379030619254883794e-01
7.147908073070123880e-01 7.128776125062037394e-01
6.756040070713023038e-01 7.229685313342248953e-01
6.638185032410135467e-01 7.436990621773635901e-01
6.735415439010017380e-01 7.282951062216478366e-01
6.968179139658220445e-01 7.393260220449198172e-01
7.365939893930465443e-01 7.001478095155428960e-01
6.829699469652327215e-01 7.607795525999629938e-01
7.439599292869770730e-01 7.054903766907313356e-01
7.171479080730701616e-01 7.317414088174700737e-01
7.253977607542722028e-01 7.204260490012958096e-01
7.545668827342368878e-01 6.999623537721002542e-01
7.233352975839717480e-01 7.370544586275868948e-01
7.530936947554508487e-01 7.132960792411776607e-01
7.451384796700059043e-01 7.179764073122950618e-01
7.725397760754272314e-01 6.822795162306112271e-01
7.516205067766646986e-01 7.089828579303096845e-01
7.421921037124337150e-01 7.231301607783225949e-01
7.799057159693576491e-01 6.957546558559817296e-01
7.516205067766646986e-01 7.243976010119214104e-01
7.681202121390688919e-01 7.045606848893358753e-01
7.195050088391278242e-01 7.442341295399648171e-01
7.377725397760753756e-01 7.204178963952204695e-01
7.719505008839128157e-01 7.047896897146368467e-01
7.539776075427224722e-01 7.177845166640027808e-01
7.893341190335886326e-01 6.886443771860178975e-01
8.073070123747789761e-01 6.706696879392599620e-01
7.787271655863288178e-01 7.042887317400206015e-01
7.613435474366528899e-01 7.053164278485757333e-01
7.318797878609311081e-01 7.284872453276287629e-01
7.737183264584560627e-01 6.901278479901307161e-01
8.090748379493223341e-01 6.804934324532309065e-01
8.055391868002357292e-01 6.775035666274454860e-01
7.448438420742486965e-01 7.555914757677408833e-01
7.707719505008838734e-01 7.102975953397724362e-01
7.578078962875662850e-01 7.181109652635367935e-01
7.477902180318208858e-01 7.298105941838858302e-01
7.840306423099587807e-01 6.963472556843257610e-01
8.043606364172067869e-01 6.817991042180973071e-01
8.329404832056570562e-01 6.499322142780703526e-01
7.737183264584560627e-01 7.109162619145696915e-01
8.441367118444313977e-01 6.468217586276724385e-01
7.728344136711844392e-01 7.086424042799455147e-01
7.418974661166765072e-01 7.358121822642929022e-01
7.595757218621096429e-01 7.149619514889576921e-01
7.734236888626988549e-01 7.042814940898952658e-01
7.274602239245727686e-01 7.657903001219144024e-01
8.155568650559811283e-01 6.608701060827383289e-01
8.055391868002357292e-01 6.998964608236051266e-01
7.846199175014731964e-01 7.045945713488275253e-01
7.890394814378314248e-01 6.957962556386038111e-01
7.990571596935769350e-01 6.968964559354764443e-01
7.949322333529758033e-01 7.008177131852683095e-01
8.344136711844430954e-01 6.718630881377440911e-01
7.843252799057159885e-01 7.092176375444978476e-01
8.576900412492634018e-01 6.109992045060019805e-01
8.241013553329404884e-01 6.770274828270297363e-01
8.435474366529168710e-01 6.609575076658716908e-01
8.155568650559811283e-01 6.990895612192723485e-01
8.665291691219799697e-01 6.061538471292484687e-01
8.520919269298762311e-01 6.451718188849661084e-01
8.582793164407778175e-01 6.419506398550069992e-01
8.697701826753093668e-01 6.130865254329845859e-01
8.759575721862109532e-01 6.142132856116137019e-01
8.126104890984089391e-01 7.039122480953878824e-01
8.594578668238067598e-01 6.471549492904588030e-01
8.261638185032410542e-01 6.976817738922203027e-01
8.718326458456099326e-01 6.212790413650081112e-01
8.674130819092515932e-01 6.162610678002238274e-01
8.712433706540955169e-01 6.192783143316560324e-01
8.680023571007660088e-01 6.031648879459894363e-01
8.721272834413671404e-01 6.071501679663711126e-01
8.718326458456099326e-01 6.186022165450540955e-01
8.883323512080141260e-01 5.525176484302124491e-01
8.827342368886269552e-01 5.730594547794145566e-01
8.677077195050088010e-01 6.433223684263580378e-01
8.680023571007660088e-01 6.324809162521406458e-01
8.906894519740718996e-01 5.503090059877756568e-01
8.862698880377135602e-01 5.742425743819159489e-01
8.918680023571007309e-01 5.386499695151167888e-01
8.921626399528579388e-01 5.283372386577812607e-01
8.756629345904537454e-01 5.878658624338534144e-01
8.936358279316440889e-01 4.949908806011080742e-01
8.924572775486152576e-01 5.193836789112538099e-01
8.662345315262227619e-01 5.781774377888616590e-01
8.939304655274012967e-01 5.057463606627767838e-01
8.883323512080141260e-01 4.979886171572348585e-01
8.850913376546847289e-01 5.432421668323085262e-01
8.850913376546847289e-01 5.297180047012207682e-01
8.797878609310547660e-01 5.196074550861821129e-01
8.824395992928697474e-01 5.082413924529272098e-01
8.662345315262227619e-01 5.257889287655844734e-01
9.275191514437242102e-01 4.511852815528126226e-01
8.420742486741308319e-01 6.002580111825783771e-01
8.432527990571596632e-01 5.938568230108905999e-01
9.286977018267530415e-01 4.513918734703432079e-01
8.638774307601649882e-01 5.303168618599610751e-01
9.242781378903948131e-01 4.279359819312744118e-01
9.145550972304066217e-01 4.625335184802465416e-01
9.127872716558632638e-01 4.776369687032830935e-01
8.426635238656452476e-01 5.887377577327082001e-01
8.420742486741308319e-01 5.802611510803484807e-01
8.871538008249852947e-01 5.203770266517120380e-01
8.927519151443724654e-01 5.201286111807670309e-01
9.030642309958750724e-01 5.181356355212355380e-01
9.160282852091926609e-01 4.869732735336155804e-01
9.198585739540365847e-01 4.667617556611624030e-01
8.936358279316440889e-01 5.449337715947288885e-01
8.983500294637595252e-01 5.280862156753701742e-01
9.142604596346494139e-01 4.896081661641159544e-01
8.974661166764879017e-01 4.908238733187317848e-01
9.313494401885680229e-01 4.072525929248727583e-01
8.971714790807306938e-01 5.410634463426985397e-01
7.619328226281673055e-01 7.357340110003647293e-01
9.001178550383028831e-01 5.351860625806319494e-01
8.444313494401886055e-01 6.064266197653898072e-01
9.015910430170890333e-01 5.020257603438735838e-01
9.080730701237478275e-01 4.870821771533776490e-01
8.688862698880377433e-01 5.828892115763771864e-01
9.180907483794932267e-01 4.810529295834438668e-01
8.635827931644077804e-01 5.515000590753248444e-01
9.225103123158514551e-01 4.751004764351391407e-01
8.830288744843841631e-01 5.741907441115472466e-01
8.744843842074249141e-01 5.792534995142726295e-01
9.225103123158514551e-01 4.338661136434358578e-01
8.102533883323511654e-01 6.772949562539852808e-01
8.959929286977018625e-01 5.063902979223605660e-01
9.001178550383028831e-01 5.322379038056276324e-01
7.504419563936358673e-01 7.894577864156898661e-01
9.281084266352386258e-01 4.241381521295646273e-01
8.871538008249852947e-01 5.883611493028344519e-01
8.744843842074249141e-01 5.449497614651644950e-01
9.216263995285798316e-01 4.895688081365626720e-01
9.180907483794932267e-01 4.941263254868852872e-01
8.612256923983500068e-01 6.382550895898876364e-01
9.127872716558632638e-01 5.172978983130579467e-01
7.769593400117854598e-01 7.622789017503450726e-01
