1.552740129640542144e-01 1.151635746745502287e+00
1.997642899233942337e-01 1.140128312742008987e+00
2.598703594578668508e-01 1.125989913940429688e+00
3.568061284619917228e-01 1.125696241855621338e+00
4.095462581025338666e-01 1.116261285894057265e+00
4.266352386564525867e-01 1.108264353345422171e+00
4.030642309958750724e-01 1.096202860860263639e+00
3.903948143783146918e-01 1.104288628872703182e+00
3.918680023571007864e-01 1.098659385653103060e+00
3.959929286977018070e-01 1.093652933835983276e+00
4.089569829110194510e-01 1.092500016969792931e+00
4.166175604007071320e-01 1.093189016861074059e+00
4.213317619328226238e-01 1.091769288567935758e+00
4.186800235710076423e-01 1.091112145606209172e+00
4.024749558043606568e-01 1.083508661564658748e+00
4.213317619328226238e-01 1.083203938077477835e+00
4.065998821449616774e-01 1.075584657051984028e+00
4.121979964643488481e-01 1.075846372281803909e+00
4.401885680612846463e-01 1.070130109786987305e+00
4.183853859752504345e-01 1.074206233024597168e+00
4.422510312315851566e-01 1.067095432211371042e+00
4.183853859752504345e-01 1.066499973044676031e+00
4.228049499116087184e-01 1.063083331374561125e+00
4.375368296994696649e-01 1.061024311710806467e+00
4.342958161461402677e-01 1.054206579923629761e+00
4.289923394225103048e-01 1.052762333084555246e+00
4.239835002946376052e-01 1.052166710881625944e+00
4.225103123158515106e-01 1.045196708510903738e+00
4.393046552740129673e-01 1.040808753055684654e+00
4.348850913376546834e-01 1.040519197197521395e+00
4.572775486152033109e-01 1.034821715425042532e+00
5.648202710665880533e-01 1.026835685267167841e+00
6.045963464938126641e-01 1.014501277138205149e+00
5.524454920447848805e-01 1.014185554840985493e+00
6.069534472598703267e-01 1.007715688032262413e+00
5.981143193871537589e-01 9.969032284091500218e-01
6.237477902180318390e-01 9.963415194960201227e-01
6.231585150265174233e-01 9.902950367506813123e-01
6.240424278137890468e-01 9.740871699417338325e-01
6.325869180907484068e-01 9.727107041022357015e-01
6.405421331761932402e-01 9.689382174435783313e-01
6.393635827931644089e-01 9.662864138098323785e-01
6.667648791985857359e-01 9.473713583805981608e-01
6.561579257513259211e-01 9.449610832859488552e-01
6.935769004124926473e-01 9.189809823737424832e-01
6.647024160282851701e-01 9.262721345705144937e-01
7.062463170300530280e-01 9.186866861932417860e-01
6.782557454331172853e-01 9.163697765153997477e-01
6.959340011785504210e-01 9.014529217691982232e-01
7.015321154979375917e-01 8.925122285590452176e-01
7.133176193282262378e-01 8.959505750852472250e-01
6.903358868591632502e-01 8.993021004340228108e-01
7.038892162639952543e-01 8.716894773875966118e-01
7.195050088391278242e-01 8.777334690093994141e-01
6.918090748379492894e-01 8.592532662784352349e-01
6.950500883912786865e-01 8.671393166570102728e-01
6.838538597525044560e-01 8.445308646735023572e-01
6.670595167943429438e-01 8.620644527323105821e-01
6.926929876252210239e-01 8.435538779286777533e-01
6.832645845609899293e-01 8.407574681674733208e-01
6.826753093694755137e-01 8.428075401222004936e-01
6.847377725397760795e-01 8.292569062289070203e-01
6.847377725397760795e-01 8.201703516875996636e-01
6.982911019446080836e-01 8.019100436392951892e-01
6.882734236888626844e-01 7.904973617371391370e-01
6.785503830288744931e-01 7.991546979721855237e-01
6.906305244549204581e-01 8.091763371930402737e-01
7.009428403064230650e-01 8.207531676572912271e-01
6.841484973482616638e-01 8.067527071518056925e-01
6.912197996464348737e-01 8.051208634586894952e-01
6.838538597525044560e-01 8.048070818185806274e-01
7.215674720094283900e-01 7.885796024518854086e-01
6.932822628167354395e-01 7.718510207007912571e-01
7.000589275191514416e-01 7.863611622768289511e-01
7.009428403064230650e-01 7.957850571940926487e-01
7.103712433706540486e-01 8.082521215957754190e-01
7.271655863288155608e-01 7.744663594400181816e-01
7.610489098408956821e-01 7.817049859201207207e-01
7.068355922215674436e-01 7.962971916970085218e-01
7.304065998821449579e-01 7.777275215176975287e-01
7.171479080730701616e-01 7.700055846396614001e-01
7.389510901591043179e-01 7.567737821270438259e-01
7.124337065409546144e-01 7.747678555109921428e-01
7.510312315851502829e-01 7.791422877241583889e-01
7.542722451384796800e-01 7.668267234283334677e-01
7.498526812021213406e-01 7.609559060896143867e-01
7.504419563936358673e-01 7.626956175355350531e-01
7.857984678845020277e-01 7.280524644781561916e-01
7.763700648202710441e-01 7.338274927700266792e-01
7.312905126694165814e-01 7.672923470244688016e-01
7.259870359457867295e-01 7.538064393927069728e-01
7.586918090748379084e-01 7.397650155950995510e-01
7.192103712433706164e-01 7.549337779774385471e-01
7.495580436063641327e-01 7.268515983048606799e-01
7.330583382439599394e-01 7.376748928252387927e-01
7.174425456688273695e-01 7.378616543377146675e-01
7.068355922215674436e-01 7.398367480320089395e-01
7.112551561579257831e-01 7.539276305366965358e-01
7.159693576900412193e-01 7.209280001766541490e-01
7.242192103712433715e-01 7.331896266516517713e-01
6.891573364761343079e-01 7.598276953486835517e-01
7.404242781378903571e-01 7.161702180609983426e-01
6.776664702416028696e-01 7.594912560547099067e-01
6.900412492634060424e-01 7.448569089174270630e-01
6.667648791985857359e-01 7.846930228612002400e-01
6.764879198585739273e-01 7.679496661705129679e-01
6.529169121979964130e-01 8.055263336967019017e-01
6.573364761343547524e-01 7.794181888594347019e-01
6.832645845609899293e-01 7.548481935963911038e-01
6.853270477312904951e-01 7.444514360497979100e-01
6.847377725397760795e-01 7.543076815850594530e-01
6.732469063052445302e-01 7.627819951842812474e-01
6.649970536240423780e-01 7.641684649621739434e-01
6.644077784325279623e-01 7.792268947643392618e-01
6.761932822628167195e-01 7.392922100775382033e-01
6.761932822628167195e-01 7.514783367514610291e-01
6.582203889216263759e-01 7.839891651974004727e-01
6.461402474955804109e-01 7.749036256881320917e-01
6.582203889216263759e-01 7.730278521776199341e-01
6.638185032410135467e-01 7.584247742505634271e-01
6.502651738361815426e-01 7.919122077086392375e-01
6.420153211549793904e-01 7.982417835908777182e-01
6.249263406010606703e-01 8.104382841026082085e-01
6.414260459634649747e-01 8.061355514561429070e-01
5.824985268120211890e-01 8.627794814460417738e-01
6.246317030053034625e-01 8.131645391969120062e-01
6.225692398350028967e-01 7.938895080895984613e-01
6.028285209192693062e-01 8.322471134802874593e-01
6.063641720683559111e-01 8.616793935789781589e-01
6.054802592810842876e-01 8.374342304818770399e-01
6.060695344725987033e-01 8.620090098942027046e-01
5.922215674720093803e-01 8.663944470531800279e-01
5.604007071302298248e-01 9.003021760898477499e-01
5.695344725987036005e-01 8.895560801029205322e-01
5.718915733647613742e-01 8.955893889069557190e-01
5.816146140247495655e-01 8.880659736254635783e-01
5.506776664702416335e-01 9.391667562372544298e-01
5.783736004714201684e-01 9.408755425144644802e-01
5.601060695344726170e-01 9.505953744930379923e-01
5.695344725987036005e-01 9.279411163400200779e-01
5.692398350029463927e-01 9.391981415888842610e-01
5.987035945786682856e-01 9.046800574835609510e-01
5.606953447259870327e-01 1.000459662255118953e+00
5.880966411314083597e-01 9.363578698214363172e-01
5.179728933411903435e-01 1.007656035177847853e+00
5.185621685327047592e-01 1.023492192959084335e+00
5.615792575132586562e-01 9.652500862584394437e-01
5.085444902769593600e-01 1.054170025183873927e+00
5.126694166175603806e-01 1.047291775398394575e+00
4.740718915733647676e-01 1.074830550919560812e+00
4.967589864466706029e-01 1.068719276610542668e+00
5.200353565114909093e-01 1.057875258519368922e+00
4.858573954036535247e-01 1.101917748065555758e+00
5.144372421921037386e-01 1.078692857395200155e+00
4.531526222746022348e-01 1.144599112079424108e+00
5.164997053624041934e-01 1.066142754957956518e+00
4.973482616381850185e-01 1.063944380511255838e+00
4.649381261048909919e-01 1.153764213928405002e+00
4.145550972304066217e-01 1.211922944030340954e+00
4.030642309958750724e-01 1.321889003629193482e+00
4.201532115497937370e-01 1.228023720138213148e+00
4.295816146140247760e-01 1.216430314542616076e+00
3.865645256334708235e-01 1.308194062069935049e+00
4.516794342958161401e-01 1.192616399815853878e+00
4.313494401885680785e-01 1.243406159036299696e+00
4.007071302298172988e-01 1.299953814376803019e+00
4.104301708898055456e-01 1.496452513753491198e+00
4.310548025928108151e-01 1.276801185134579075e+00
4.861520329994107326e-01 1.177451661623576173e+00
4.555097230406600084e-01 1.250655333128045665e+00
4.239835002946376052e-01 1.245761144358445538e+00
4.525633470830878191e-01 1.206287852104972469e+00
4.410724808485562698e-01 1.253477527157348836e+00
4.110194460813199613e-01 1.390406082548639288e+00
3.927519151443724099e-01 1.408155232339220797e+00
4.422510312315851566e-01 1.258256925379528823e+00
4.213317619328226238e-01 1.336181452826542104e+00
4.298762522097819838e-01 1.293177113594377703e+00
4.696523276370064837e-01 1.317338986541418455e+00
4.136711844431349427e-01 1.396745853673885929e+00
4.301708898055391916e-01 1.324317110373693263e+00
3.818503241013553318e-01 1.537125370958272175e+00
3.730111962286387639e-01 1.567338140626602261e+00
4.525633470830878191e-01 1.475717716795556633e+00
4.175014731879788110e-01 1.399411696283256346e+00
3.789039481437831425e-01 1.556980406755910096e+00
3.918680023571007864e-01 1.498098160249783817e+00
4.281084266352386813e-01 1.440621312159825695e+00
3.750736593989393297e-01 1.715876717175192745e+00
3.927519151443724099e-01 1.622795745785183819e+00
4.646434885091337841e-01 1.435649886617765603e+00
4.487330583382439508e-01 1.419639178551733494e+00
4.275191514437242102e-01 1.667028264197356613e+00
4.015910430170889778e-01 1.664216426584650410e+00
4.360636417206835702e-01 1.547350181595367635e+00
4.537418974661166504e-01 1.405041248044546887e+00
4.039481437831467514e-01 1.533710022183025545e+00
4.051266941661755827e-01 1.715604083256467405e+00
4.481437831467295352e-01 1.461848616709604087e+00
4.546258102533883294e-01 1.604876046397668565e+00
