3.314672952268709616e-01 1.091269373893737793e+00
3.411903358868591529e-01 1.091738181955674181e+00
3.862698880377136157e-01 1.092663551078123296e+00
3.933411903358868811e-01 1.086612157961901470e+00
4.018856806128461856e-01 1.086321259246153081e+00
4.269298762522097945e-01 1.085807302418877018e+00
4.817324690630524486e-01 1.080824433004154983e+00
4.507955215085445166e-01 1.079923750723109421e+00
4.944018856806128293e-01 1.077925853869494244e+00
4.608131997642899158e-01 1.079874624224270052e+00
5.238656452563347221e-01 1.076004857526106084e+00
5.412492634060106500e-01 1.069848523420446007e+00
5.388921626399528764e-01 1.073035927379832444e+00
5.606953447259870327e-01 1.070893017684712234e+00
5.444902769593400471e-01 1.069733205963583567e+00
5.583382439599292590e-01 1.063338947646758070e+00
5.450795521508544628e-01 1.059949547052383423e+00
6.269888037713612361e-01 1.059492977226481614e+00
5.901591043017089255e-01 1.056986493222853651e+00
6.069534472598703267e-01 1.052803563721039781e+00
5.332940483205657056e-01 1.049770698827855675e+00
5.718915733647613742e-01 1.044713625136543644e+00
5.674720094284030347e-01 1.042754550190532870e+00
5.813199764289923577e-01 1.035501350374782747e+00
5.724808485562757898e-01 1.034439416492686448e+00
6.007660577489687403e-01 1.028122553054024113e+00
5.327047731290512900e-01 1.031417029745438585e+00
5.680612846199174504e-01 1.020057045361574932e+00
5.695344725987036005e-01 1.025361955165863037e+00
5.733647613435474133e-01 1.017656808390336787e+00
5.830878020035356046e-01 1.009832589065327468e+00
5.807307012374779420e-01 1.006416955414940251e+00
6.302298173246906332e-01 9.923357402577119846e-01
6.375957572186210509e-01 9.937324471333447429e-01
5.863288155568650017e-01 9.981512813007130669e-01
6.048909840895698720e-01 9.869562562774208958e-01
6.431938715380082217e-01 9.771350569584790202e-01
6.302298173246906332e-01 9.695557276992237128e-01
6.431938715380082217e-01 9.569168651805204373e-01
6.647024160282851701e-01 9.552052923861671374e-01
6.585150265173835837e-01 9.525061240967582776e-01
6.735415439010017380e-01 9.379880314364152927e-01
6.487919858573953924e-01 9.368816763162612915e-01
6.193282262816734995e-01 9.310278436716865613e-01
6.340601060695344460e-01 9.333226707051781590e-01
6.496758986446670159e-01 9.200841968550401706e-01
6.337654684737772381e-01 9.199078644023221951e-01
6.370064820271066353e-01 9.092246013529160509e-01
6.069534472598703267e-01 9.086077598964467095e-01
6.225692398350028967e-01 9.070233667598051053e-01
6.154979375368296868e-01 8.979128441389869764e-01
6.670595167943429438e-01 8.916758833562626885e-01
6.234531526222746312e-01 8.889140889925115641e-01
5.954625810253388885e-01 8.819087774438016947e-01
6.219799646434884810e-01 8.747452326557215718e-01
6.107837360047142505e-01 8.839921583147609674e-01
6.122569239835002897e-01 8.647449476753964470e-01
5.939893930465527383e-01 8.615524821421679524e-01
6.069534472598703267e-01 8.728517968865001642e-01
6.172657631113730448e-01 8.620811262551475451e-01
6.016499705362404748e-01 8.554208791431259229e-01
6.069534472598703267e-01 8.618430100819644002e-01
6.025338833235120983e-01 8.511775096549707431e-01
6.031231585150265140e-01 8.482524590457186653e-01
5.645256334708308454e-01 8.398290083688848551e-01
5.713022981732469585e-01 8.275538709233788426e-01
5.792575132586917919e-01 8.367159506853889539e-01
5.704183853859752240e-01 8.369741452967419670e-01
5.777843252799057527e-01 8.261022440650883647e-01
5.612846199175014483e-01 8.239459868739632542e-01
5.748379493223335635e-01 8.222069488290477679e-01
5.733647613435474133e-01 8.235643451266428938e-01
5.989982321744254934e-01 8.183361401452737827e-01
5.586328815556864669e-01 8.113268580945098840e-01
5.780789628756629606e-01 8.160335531129556674e-01
5.822038892162639812e-01 8.053597479182130758e-01
5.742486741308191478e-01 8.153222661246272152e-01
5.789628756629345840e-01 8.016919763210941241e-01
5.883912787271655676e-01 8.092560632263913201e-01
5.810253388332351498e-01 8.028612570727572395e-01
5.648202710665880533e-01 7.922477130504215204e-01
5.819092516205067733e-01 7.932271946440724308e-01
5.792575132586917919e-01 7.809251610408810551e-01
5.816146140247495655e-01 7.738105532001046116e-01
6.045963464938126641e-01 7.966231085798319844e-01
5.922215674720093803e-01 7.796663354863139217e-01
5.984089569829109667e-01 7.824784349650144577e-01
6.034177961107837218e-01 7.698171397342401523e-01
6.096051856216853082e-01 7.792580820181790324e-01
6.110783736004714584e-01 7.770769109620767612e-01
6.122569239835002897e-01 7.846165051793351219e-01
6.143193871538008555e-01 7.699852249420741090e-01
6.134354743665291210e-01 7.774877221707034991e-01
6.143193871538008555e-01 7.783164481687194769e-01
6.178550383028874604e-01 7.637053493629483159e-01
6.216853270477312732e-01 7.646831474540864981e-01
6.146140247495580633e-01 7.698701865532818767e-01
6.152032999410724790e-01 7.607647286837592171e-01
5.939893930465527383e-01 7.941998488762799235e-01
6.157925751325868946e-01 7.586156957070616658e-01
6.081319976428992691e-01 7.920550203279537183e-01
5.898644667059517177e-01 8.150151190074050866e-01
6.193282262816734995e-01 7.587424232898389853e-01
5.872127283441367362e-01 7.991974176291156695e-01
6.119622863877430818e-01 7.751761606949216787e-01
6.122569239835002897e-01 7.666422886883511589e-01
6.031231585150265140e-01 7.802247064297690438e-01
6.048909840895698720e-01 7.817598839345223372e-01
6.007660577489687403e-01 8.043437072021120127e-01
6.196228638774307074e-01 7.598493366009172467e-01
6.125515615792574975e-01 7.811785227454760561e-01
6.037124337065409296e-01 8.169860280502367900e-01
6.066588096641131189e-01 8.185828862821354912e-01
6.048909840895698720e-01 8.056942682494135921e-01
6.043017088980553453e-01 8.226134370574179622e-01
6.048909840895698720e-01 8.318977187771130488e-01
6.040070713022981375e-01 8.268588995013166354e-01
6.013553329404831560e-01 8.552513308823108673e-01
5.813199764289923577e-01 8.927422521964591962e-01
6.066588096641131189e-01 8.339164694223333285e-01
6.004714201532115325e-01 8.715929645935401870e-01
6.048909840895698720e-01 8.877273476408684694e-01
6.163818503241013103e-01 8.540324496434015256e-01
6.048909840895698720e-01 8.911691873115213935e-01
5.901591043017089255e-01 9.598373072221875191e-01
6.010606953447259482e-01 8.983794274356435849e-01
6.007660577489687403e-01 9.027149829027407701e-01
6.093105480259281004e-01 8.934745663119589842e-01
5.477312905126694442e-01 1.010167119367157751e+00
5.895698291101945099e-01 9.940818423843559293e-01
6.045963464938126641e-01 9.181721454541034166e-01
6.001767825574543247e-01 9.500782390344230111e-01
5.845609899823217548e-01 1.071087055949165645e+00
6.013553329404831560e-01 9.804174732416868210e-01
5.875073659398939441e-01 9.847452454268932343e-01
5.998821449616971169e-01 1.016277280225254209e+00
5.963464938126105119e-01 8.954682362758937808e-01
5.992928697701827012e-01 9.938940567046623542e-01
6.010606953447259482e-01 1.039469643824679101e+00
5.939893930465527383e-01 1.013080658993738448e+00
5.981143193871537589e-01 1.033251753460396660e+00
5.677666470241602426e-01 1.024185081943869591e+00
5.936947554507955305e-01 1.089356992475907671e+00
5.845609899823217548e-01 1.169143600855022669e+00
5.992928697701827012e-01 1.081580879700863251e+00
5.960518562168533041e-01 9.951862421379807921e-01
5.904537418974661334e-01 1.064948819796828650e+00
5.972304065998821354e-01 1.065485797986826411e+00
5.813199764289923577e-01 1.105016957037150860e+00
5.780789628756629606e-01 1.190529075341627774e+00
5.810253388332351498e-01 1.187860835617517763e+00
5.889805539186799832e-01 1.153990947504473175e+00
5.883912787271655676e-01 1.151916022850748345e+00
5.804360636417207342e-01 1.194553004358621218e+00
5.662934590453742034e-01 1.207015361910795503e+00
5.824985268120211890e-01 1.134731930790140453e+00
5.050088391278727551e-01 1.439257306211134901e+00
5.804360636417207342e-01 1.134252535946228990e+00
5.895698291101945099e-01 1.173868735950878373e+00
5.845609899823217548e-01 1.075502168181735829e+00
5.748379493223335635e-01 1.264066115268232204e+00
5.654095462581025799e-01 1.381984953001579752e+00
5.910430170889805490e-01 1.189879744998453281e+00
5.860341779611077939e-01 1.218604263055192982e+00
5.901591043017089255e-01 1.202253473429557129e+00
5.987035945786682856e-01 1.254516169990358199e+00
5.315262227460223476e-01 1.410651266246157443e+00
5.385975250441956685e-01 1.465531898881582640e+00
5.427224513847966891e-01 1.333035756340798184e+00
5.512669416617560492e-01 1.356810624765999229e+00
4.737772539776075598e-01 1.601864564068177232e+00
5.120801414260459650e-01 1.552925672765602005e+00
5.860341779611077939e-01 1.225627334432347837e+00
5.580436063641720512e-01 1.417747157023233617e+00
5.494991160872126912e-01 1.533399680793723574e+00
5.680612846199174504e-01 1.303640424602610315e+00
5.020624631703005658e-01 1.717091525521348583e+00
5.536240424278138228e-01 1.575136581326232132e+00
4.946965232763700371e-01 1.531237721114474093e+00
5.683559222156747692e-01 1.434534175622770080e+00
5.910430170889805490e-01 1.125679141787045090e+00
5.365350618738951027e-01 1.594273047823020706e+00
5.011785503830288313e-01 1.606583097620921885e+00
4.310548025928108151e-01 2.945230812972808643e+00
5.394814378314672920e-01 1.486915169009829230e+00
5.674720094284030347e-01 1.444008380832040972e+00
4.985268120212139054e-01 1.581862776649787250e+00
4.776075427224513725e-01 2.032889782752403285e+00
5.070713022981732099e-01 1.747397015884737836e+00
5.441956393635828393e-01 1.638689137365230808e+00
4.507955215085445166e-01 1.847315053126829421e+00
4.805539186800235618e-01 1.918642568415688254e+00
4.876252209781968272e-01 1.682354133028317822e+00
5.000000000000000000e-01 1.678441831458579170e+00
4.929286977018267346e-01 1.767791867091813574e+00
4.932233352975839979e-01 1.767395911409574305e+00
5.530347672362994071e-01 1.616391547229688808e+00
4.929286977018267346e-01 1.673150750698850331e+00
5.388921626399528764e-01 1.751072837478097721e+00
5.406599882144961233e-01 1.745723433724111429e+00
