2.790218031820860256e-01 1.111899312804726980e+00
2.775486152032999310e-01 1.101404186557320974e+00
3.718326458456098771e-01 1.075971338678808786e+00
3.901001767825574285e-01 1.068153933567159264e+00
3.565114908662345150e-01 1.052325592321508019e+00
5.123747790218031728e-01 1.041313581606921002e+00
5.309369475545079320e-01 1.035908404518576242e+00
5.418385385975250657e-01 1.032945848563138203e+00
5.822038892162639812e-01 1.020844126448911870e+00
6.216853270477312732e-01 1.016226209261838154e+00
6.166764879198586291e-01 1.008890839184031663e+00
6.502651738361815426e-01 9.945040240007287924e-01
6.440777843252799562e-01 9.874088150613448134e-01
6.414260459634649747e-01 9.744245970950407010e-01
6.393635827931644089e-01 9.728054106235504150e-01
6.428992339422510138e-01 9.584271662375506429e-01
6.255156157925750859e-01 9.438062713426702555e-01
6.487919858573953924e-01 9.412791395888608914e-01
6.352386564525633883e-01 9.284524233902201606e-01
6.337654684737772381e-01 9.129788805456722223e-01
6.110783736004714584e-01 9.239873763392952855e-01
5.984089569829109667e-01 9.031556301257189778e-01
5.536240424278138228e-01 9.047228974454543104e-01
6.166764879198586291e-01 8.962960155571207954e-01
5.574543311726576356e-01 8.853415846824645996e-01
5.477312905126694442e-01 8.805944823166903523e-01
5.680612846199174504e-01 8.749794434098636664e-01
5.648202710665880533e-01 8.653004485018113146e-01
5.453741897466116706e-01 8.599890882478040677e-01
5.441956393635828393e-01 8.574339335455614108e-01
5.568650559811432199e-01 8.543549548177158393e-01
5.441956393635828393e-01 8.418094577158198311e-01
5.512669416617560492e-01 8.326413000331205350e-01
5.524454920447848805e-01 8.340957217356738118e-01
5.509723040659988413e-01 8.254120332353255263e-01
5.530347672362994071e-01 8.201521906782599514e-01
5.553918680023570698e-01 8.170459664919796916e-01
5.701237477902180162e-01 8.143362604519900350e-01
5.766057748968768104e-01 8.125988621922100030e-01
5.795521508544489997e-01 8.097407151671016656e-01
5.878020035356511519e-01 8.034532346269663838e-01
5.910430170889805490e-01 7.956374528653481493e-01
5.769004124926340182e-01 7.905424596632227852e-01
6.160872127283441024e-01 7.957663996254696892e-01
5.671773718326458269e-01 7.896252914386636679e-01
5.883912787271655676e-01 7.828638233682688741e-01
5.574543311726576356e-01 7.801576208542374546e-01
5.892751915144371910e-01 7.771824011031318591e-01
5.951679434295815696e-01 7.800286232548601095e-01
5.763111373011196026e-01 7.775120047085425368e-01
6.199175014731880262e-01 7.685705134097267077e-01
5.583382439599292590e-01 7.725913921261534645e-01
6.119622863877430818e-01 7.669520807616850844e-01
6.128461991750147053e-01 7.703118262922062920e-01
6.072480848556275346e-01 7.573098156820324833e-01
5.960518562168533041e-01 7.643438592991408376e-01
6.137301119622864398e-01 7.664422962595435207e-01
6.210960518562168575e-01 7.543875537812709808e-01
6.378903948143783698e-01 7.640030228478067453e-01
6.184443134944018761e-01 7.631531587856656973e-01
6.337654684737772381e-01 7.648806092055404626e-01
6.210960518562168575e-01 7.628380634328898457e-01
6.334708308780200303e-01 7.615468087880050696e-01
6.358279316440778040e-01 7.655666385065106327e-01
6.340601060695344460e-01 7.680449985405978230e-01
6.349440188568061805e-01 7.732050087960327112e-01
6.331761932822628225e-01 7.785286283230080651e-01
6.302298173246906332e-01 7.882014048450133314e-01
6.234531526222746312e-01 7.909872146213755562e-01
6.261048909840896126e-01 7.826958918834433510e-01
6.166764879198586291e-01 7.948983890168807021e-01
6.325869180907484068e-01 7.967447730548241625e-01
6.216853270477312732e-01 8.028271047069746036e-01
6.193282262816734995e-01 8.088349027230459232e-01
6.328815556865056147e-01 8.095885120770510701e-01
6.243370654095462546e-01 8.124021109850967370e-01
6.275780789628756517e-01 8.128762420486000950e-01
6.216853270477312732e-01 8.164254608837997473e-01
6.237477902180318390e-01 8.099903017282485962e-01
6.255156157925750859e-01 8.072716144516187686e-01
6.252209781968178781e-01 8.147592408692135857e-01
6.243370654095462546e-01 8.078179284930229187e-01
6.243370654095462546e-01 8.125906409147907183e-01
6.228638774307602155e-01 8.241090209168546732e-01
6.210960518562168575e-01 8.183129670865395555e-01
6.240424278137890468e-01 8.381257764995098114e-01
6.205067766647024419e-01 8.408635780215263367e-01
6.202121390689452340e-01 8.552587924196439761e-01
6.199175014731880262e-01 8.482749587034478234e-01
6.160872127283441024e-01 8.952688066398396538e-01
6.205067766647024419e-01 8.618592148756279991e-01
6.193282262816734995e-01 8.806089138721718834e-01
6.205067766647024419e-01 8.865114629049511974e-01
6.213906894519740653e-01 8.813605282236548488e-01
6.205067766647024419e-01 8.913955258972504625e-01
6.202121390689452340e-01 8.848375809543272963e-01
6.228638774307602155e-01 9.266862097908469265e-01
6.213906894519740653e-01 9.179958090843522989e-01
6.172657631113730448e-01 9.663631223580416707e-01
6.231585150265174233e-01 9.345473317319855644e-01
6.184443134944018761e-01 9.604561152484487607e-01
6.175604007071302526e-01 9.747430054361329033e-01
6.219799646434884810e-01 9.688567064483376567e-01
6.216853270477312732e-01 9.838116255534046228e-01
6.178550383028874604e-01 9.935357588178971300e-01
6.184443134944018761e-01 1.048716777059085281e+00
6.222746022392456888e-01 1.004202019423246384e+00
6.205067766647024419e-01 1.027642189579851539e+00
6.169711255156158369e-01 1.050002650631701284e+00
6.228638774307602155e-01 1.085649455404456898e+00
6.222746022392456888e-01 1.097852417103508005e+00
6.187389510901590839e-01 1.001244024757076634e+00
6.199175014731880262e-01 1.135716009556370532e+00
6.208014142604596497e-01 1.113767626969253355e+00
6.208014142604596497e-01 1.179945214487174043e+00
6.154979375368296868e-01 1.141632807495839508e+00
6.205067766647024419e-01 1.136922369546750078e+00
6.190335886859162917e-01 1.223983890979605471e+00
6.199175014731880262e-01 1.178191560977960295e+00
6.193282262816734995e-01 1.194751823101850130e+00
6.199175014731880262e-01 1.216927391696063898e+00
6.199175014731880262e-01 1.233358578263398453e+00
6.166764879198586291e-01 1.307748077601632586e+00
6.128461991750147053e-01 1.360229883562116049e+00
6.169711255156158369e-01 1.302397857584497443e+00
6.166764879198586291e-01 1.282663864193155590e+00
6.160872127283441024e-01 1.215529520721996493e+00
6.184443134944018761e-01 1.309355553951771833e+00
6.096051856216853082e-01 1.486382499063277907e+00
6.160872127283441024e-01 1.279981011579580219e+00
6.125515615792574975e-01 1.465394819977090535e+00
6.166764879198586291e-01 1.287672509603640547e+00
6.149086623453152711e-01 1.336751830051926992e+00
6.175604007071302526e-01 1.308380903128315342e+00
6.143193871538008555e-01 1.354859278044279858e+00
6.190335886859162917e-01 1.259902502519681278e+00
6.110783736004714584e-01 1.473600254722816194e+00
6.154979375368296868e-01 1.333536572699599354e+00
6.169711255156158369e-01 1.316766981638091361e+00
6.172657631113730448e-01 1.358432186274405762e+00
6.134354743665291210e-01 1.430868150556788621e+00
6.137301119622864398e-01 1.458228802061913632e+00
6.166764879198586291e-01 1.342691261376089962e+00
6.175604007071302526e-01 1.373811159666408432e+00
6.134354743665291210e-01 1.463994983912390913e+00
6.178550383028874604e-01 1.331327022765489199e+00
6.196228638774307074e-01 1.296533686711507594e+00
6.122569239835002897e-01 1.473559843732372698e+00
6.166764879198586291e-01 1.445633741999592825e+00
6.163818503241013103e-01 1.470330861534046685e+00
6.190335886859162917e-01 1.307482965180978951e+00
6.146140247495580633e-01 1.506849254344535316e+00
6.219799646434884810e-01 1.285656627979786970e+00
6.160872127283441024e-01 1.427553587784881062e+00
6.178550383028874604e-01 1.455436179167864941e+00
6.104890984089569317e-01 1.570357537718818364e+00
6.143193871538008555e-01 1.542423696640659703e+00
6.149086623453152711e-01 1.516339243910111101e+00
6.157925751325868946e-01 1.585556568742236605e+00
6.163818503241013103e-01 1.518661376527127072e+00
6.237477902180318390e-01 1.273025846875765810e+00
6.157925751325868946e-01 1.558035697924959218e+00
6.172657631113730448e-01 1.467662429053555595e+00
6.190335886859162917e-01 1.472635048153974502e+00
6.137301119622864398e-01 1.617663486627861857e+00
6.152032999410724790e-01 1.525448992875788168e+00
6.119622863877430818e-01 1.739354938371380888e+00
6.149086623453152711e-01 1.642656035187161079e+00
6.134354743665291210e-01 1.634488804923260874e+00
6.178550383028874604e-01 1.566268474630573282e+00
5.689451974071891849e-01 1.933548164314261797e+00
6.172657631113730448e-01 1.542765824904884564e+00
6.128461991750147053e-01 1.730687270564136737e+00
6.163818503241013103e-01 1.550492021885207405e+00
6.157925751325868946e-01 1.584530287928988868e+00
6.175604007071302526e-01 1.576665344031746852e+00
6.181496758986446682e-01 1.470520970206159905e+00
5.995875073659399090e-01 1.787059715312138586e+00
6.181496758986446682e-01 1.546803191290510915e+00
6.066588096641131189e-01 1.763372327070957146e+00
6.140247495580436476e-01 1.700184615411083566e+00
5.883912787271655676e-01 1.946961139479432834e+00
6.137301119622864398e-01 1.731495829552466725e+00
6.110783736004714584e-01 1.806434326147770220e+00
6.048909840895698720e-01 1.795597847626434929e+00
5.981143193871537589e-01 1.813686096451847973e+00
6.025338833235120983e-01 1.875527319025851014e+00
6.122569239835002897e-01 1.755248695043573059e+00
4.896876841484973375e-01 2.199504194688736813e+00
5.960518562168533041e-01 1.860648722387850285e+00
6.084266352386564769e-01 1.753100211088381322e+00
6.090159104301708926e-01 1.789042369688532474e+00
5.695344725987036005e-01 1.959892334217917753e+00
5.969357690041249276e-01 1.887182058670612728e+00
6.152032999410724790e-01 1.628003154388245388e+00
6.043017088980553453e-01 1.887768397018696920e+00
6.110783736004714584e-01 1.787978146560764037e+00
6.069534472598703267e-01 1.788654668605886400e+00
6.143193871538008555e-01 1.665544058812562955e+00
6.152032999410724790e-01 1.667485398603329338e+00
