1.720683559222156711e-01 1.130010818733888422e+00
1.647024160282851979e-01 1.131952552234425369e+00
2.041838538597525177e-01 1.128228583756615055e+00
2.354154390100176852e-01 1.123817163355210313e+00
2.619328226281673611e-01 1.123392981641432753e+00
2.495580436063641605e-01 1.121343830052544011e+00
2.009428403064230928e-01 1.121912272537455735e+00
3.055391868002357292e-01 1.120213964406181706e+00
1.632292280494991032e-01 1.112691097399767681e+00
3.161461402474955995e-01 1.110496489440693679e+00
2.878609310548025935e-01 1.109337238704457107e+00
2.946375957572185955e-01 1.108909126590279959e+00
2.215674720094283900e-01 1.106582862489363661e+00
2.849145550972304042e-01 1.101007124956916439e+00
3.629935179728933647e-01 1.097230441430035786e+00
3.429581614614024554e-01 1.093726093278211797e+00
3.677077195050088565e-01 1.091812687761643419e+00
3.279316440777843011e-01 1.091779033927356535e+00
4.083677077195050353e-01 1.085087337914635075e+00
3.662345315262227619e-01 1.083107236553640940e+00
3.968768414849734860e-01 1.085687611032934763e+00
4.148497348261638296e-01 1.078496152863783086e+00
4.242781378903948131e-01 1.076449694002375779e+00
4.463759575721862327e-01 1.072884957580005461e+00
4.018856806128461856e-01 1.069082700154360577e+00
4.870359457866823560e-01 1.063981319175047124e+00
5.064820271066587942e-01 1.058468333062003719e+00
5.179728933411903435e-01 1.054957123363719163e+00
5.474366529169122364e-01 1.050030149081174091e+00
5.129640542133175884e-01 1.048490902956794368e+00
5.969357690041249276e-01 1.042823539060704796e+00
5.462581025338832941e-01 1.035729246981003771e+00
6.261048909840896126e-01 1.032368756392422871e+00
6.093105480259281004e-01 1.035368304042255216e+00
6.470241602828521454e-01 1.026786670965306847e+00
6.140247495580436476e-01 1.020424097776412964e+00
6.048909840895698720e-01 1.017560084076488680e+00
6.546847377725397710e-01 1.012165490318747141e+00
6.296405421331762176e-01 1.011547705706428157e+00
6.532115497937537318e-01 1.006482215488658127e+00
6.567472009428403368e-01 1.008848835440242953e+00
6.490866234531526002e-01 1.001713167218601042e+00
6.856216853270477030e-01 1.002451968543669691e+00
6.007660577489687403e-01 1.006739036125295250e+00
6.552740129640541866e-01 9.974010271184584608e-01
6.514437242192103739e-01 9.925806802861830702e-01
6.558632881555686023e-01 9.922668092391070394e-01
6.213906894519740653e-01 9.908448843395009087e-01
6.140247495580436476e-01 9.909124041304868680e-01
6.370064820271066353e-01 9.892261221128351156e-01
6.364172068355922196e-01 9.876434084247139866e-01
6.122569239835002897e-01 9.868011141524595242e-01
6.149086623453152711e-01 9.835685193538665771e-01
5.559811431938714854e-01 9.846003073103287706e-01
6.084266352386564769e-01 9.853718982023351725e-01
6.199175014731880262e-01 9.780350292430204373e-01
6.119622863877430818e-01 9.773221156176399305e-01
5.621685327047731828e-01 9.783664924256941786e-01
6.137301119622864398e-01 9.767344769309548314e-01
5.229817324690630986e-01 9.777138303307926215e-01
5.851502651738361704e-01 9.749276357538559923e-01
5.480259281084266521e-01 9.787564330241259603e-01
5.763111373011196026e-01 9.697653809014488147e-01
6.202121390689452340e-01 9.653140078572666205e-01
5.816146140247495655e-01 9.732659722075742703e-01
5.989982321744254934e-01 9.551830291748046875e-01
6.252209781968178781e-01 9.614136674824882434e-01
5.654095462581025799e-01 9.619075726060306586e-01
5.880966411314083597e-01 9.606781549313488933e-01
5.878020035356511519e-01 9.569224995725295058e-01
6.122569239835002897e-01 9.703449712080114420e-01
5.854449027695933783e-01 9.631226378328660021e-01
5.910430170889805490e-01 9.545697710093330457e-01
6.101944608131997239e-01 9.562833817566142036e-01
5.875073659398939441e-01 9.580124248476589166e-01
6.190335886859162917e-01 9.536746617625740940e-01
5.895698291101945099e-01 9.461832028978011122e-01
5.910430170889805490e-01 9.596531110651352892e-01
5.857395403653505861e-01 9.405452188323525364e-01
5.810253388332351498e-01 9.551396352403304091e-01
5.875073659398939441e-01 9.479445061262916639e-01
5.769004124926340182e-01 9.502241366049822835e-01
5.769004124926340182e-01 9.525657489019281332e-01
5.262227460223924957e-01 9.624506156234180487e-01
5.571596935769004277e-01 9.576023115831262533e-01
5.692398350029463927e-01 9.369028017801397379e-01
5.677666470241602426e-01 9.422299134380677232e-01
5.374189746611667262e-01 9.472066795124727268e-01
6.166764879198586291e-01 9.240958243608474731e-01
5.530347672362994071e-01 9.324370307080885878e-01
5.400707130229817077e-01 9.520015471121844319e-01
5.120801414260459650e-01 9.512230061432894734e-01
5.274012964054213271e-01 9.431134015321731567e-01
5.085444902769593600e-01 9.485596470973071126e-01
5.433117265763111048e-01 9.353578003013834907e-01
5.462581025338832941e-01 9.318421395385966255e-01
4.407778432527990620e-01 9.709375202655792236e-01
5.050088391278727551e-01 9.459567674819160388e-01
5.159104301708897777e-01 9.333072620279648790e-01
5.238656452563347221e-01 9.328518430976306952e-01
5.347672362993517448e-01 9.303992215324851101e-01
5.008839127872716235e-01 9.514635757488363321e-01
4.997053624042427922e-01 9.391864240169525146e-01
5.076605774896877366e-01 9.311576660941628392e-01
4.555097230406600084e-01 9.641575278604731514e-01
4.864466705951679404e-01 9.529055760187261637e-01
5.103123158515026070e-01 9.682328319724868848e-01
4.820271066588096565e-01 9.707133555236984179e-01
4.932233352975839979e-01 9.393918062834178961e-01
5.144372421921037386e-01 9.130212068557739258e-01
5.032410135533293971e-01 9.361221172353800801e-01
5.335886859163229134e-01 8.994516765370088596e-01
5.200353565114909093e-01 9.446879835689768745e-01
4.955804360636417161e-01 9.845263247980791110e-01
5.503830288744844257e-01 8.867465086719569234e-01
5.197407189157337015e-01 9.136388520984088935e-01
5.421331761932822735e-01 9.461422317168292073e-01
5.035356511490866049e-01 9.390237927436828613e-01
5.391868002357100842e-01 9.174888795789550855e-01
5.238656452563347221e-01 9.341780538944637335e-01
5.698291101944608084e-01 9.075442403554916382e-01
5.188568061284619670e-01 9.201041626579621324e-01
6.125515615792574975e-01 8.428727265666512425e-01
5.147318797878609464e-01 9.002054473933052137e-01
5.618738951090158640e-01 8.769356853821698161e-01
5.651149086623452611e-01 8.952251585090861274e-01
5.718915733647613742e-01 8.914918079972267151e-01
5.651149086623452611e-01 8.839119295863544501e-01
5.966411314083677198e-01 8.406140756081131871e-01
5.421331761932822735e-01 9.006310753962573079e-01
5.662934590453742034e-01 8.921080056358786647e-01
5.648202710665880533e-01 9.005978418623700188e-01
6.066588096641131189e-01 8.321874062804615058e-01
5.471420153211550286e-01 9.125430316609495218e-01
5.798467884502062075e-01 8.640304374344208727e-01
5.736593989393046211e-01 8.457611154984024937e-01
5.341779611078373291e-01 9.669490653802367275e-01
5.671773718326458269e-01 8.739675739232231066e-01
5.948733058338243618e-01 8.274405033272855814e-01
6.258102533883324048e-01 8.173716129625544502e-01
5.341779611078373291e-01 8.938863505335414850e-01
5.995875073659399090e-01 8.384098638506496393e-01
5.197407189157337015e-01 9.273358307340565654e-01
5.512669416617560492e-01 8.733688194085570400e-01
5.350618738951090636e-01 9.158720621729597999e-01
5.185621685327047592e-01 9.168837232624783562e-01
5.766057748968768104e-01 8.710797819144585619e-01
5.545079552150854463e-01 8.468915175865677769e-01
5.677666470241602426e-01 8.520046963411218588e-01
5.226870948733057798e-01 9.063771476640420932e-01
5.568650559811432199e-01 8.315100634799283963e-01
5.164997053624041934e-01 9.304275168653797223e-01
5.824985268120211890e-01 8.243715022416675531e-01
5.312315851502651398e-01 8.909780650454408590e-01
5.742486741308191478e-01 8.060917345916523979e-01
5.250441956393635534e-01 9.014500377371030826e-01
6.882734236888626844e-01 7.632452608907923652e-01
5.606953447259870327e-01 8.143486246904906301e-01
5.601060695344726170e-01 8.449668726500343396e-01
6.614614024749557730e-01 7.445977943785050401e-01
5.677666470241602426e-01 8.345089109943193417e-01
6.013553329404831560e-01 7.849725997623275831e-01
5.901591043017089255e-01 8.364933516611071651e-01
6.549793753682969788e-01 7.617774651769328997e-01
5.462581025338832941e-01 9.119891101384863807e-01
5.592221567472009935e-01 8.540629915454808208e-01
5.568650559811432199e-01 8.400515732081497156e-01
6.396582203889216167e-01 7.470628744100823448e-01
5.041249263406010206e-01 1.096054047455682579e+00
5.754272245138479791e-01 8.021151653545743887e-01
5.721862109605185820e-01 8.475858036647824223e-01
7.071302298173246514e-01 6.900141563485649998e-01
4.640542133176193129e-01 1.250348007306456566e+00
4.893930465527401297e-01 1.188725027639199627e+00
5.659988214496169956e-01 8.640693246441728537e-01
5.736593989393046211e-01 8.555149243158453043e-01
6.299351797289334254e-01 7.481573663432808940e-01
6.991750147318798181e-01 7.124352989827885674e-01
7.021213906894520074e-01 6.984651233343517340e-01
5.889805539186799832e-01 8.202625702628317805e-01
5.347672362993517448e-01 9.914660739767200415e-01
4.463759575721862327e-01 1.213847291381920046e+00
4.923394225103123190e-01 1.119526387466227346e+00
6.564525633470831290e-01 7.210359630339285841e-01
5.674720094284030347e-01 8.905663805849411974e-01
6.087212728344136847e-01 7.727760669282254247e-01
5.550972304065998619e-01 9.014913309365510941e-01
5.886859163229227754e-01 7.688555318643065517e-01
5.895698291101945099e-01 8.236738239579340926e-01
5.477312905126694442e-01 9.487559313283246976e-01
5.415439010017678578e-01 9.179760055506930305e-01
6.773718326458456618e-01 7.265303148066296623e-01
4.938126104890984136e-01 1.063489699297968105e+00
6.641131408367707545e-01 7.504675176871173914e-01
5.580436063641720512e-01 8.993738426224273663e-01
6.758986446670595116e-01 7.166609034380492238e-01
7.253977607542722028e-01 6.718482344466096823e-01
5.651149086623452611e-01 8.409588553887956675e-01
7.177371832645845773e-01 6.878504388253477986e-01
6.879787860931054766e-01 7.294094591018032148e-01
