3.556275780789628915e-01 1.107763001147438420e+00
3.550383028874484204e-01 1.101822162375730718e+00
3.326458456098998484e-01 1.099105349358390438e+00
3.164407778432528073e-01 1.094399688874974075e+00
3.249852681202121119e-01 1.084329641917172626e+00
3.229228049499116016e-01 1.074587078655467209e+00
3.656452563347082907e-01 1.071638952283298307e+00
3.856806128461992000e-01 1.064084784072988121e+00
4.222156747200943028e-01 1.063854913501178556e+00
4.737772539776075598e-01 1.059337644016041580e+00
4.814378314672952408e-01 1.053546028978684435e+00
5.341779611078373291e-01 1.048580101307700740e+00
5.383028874484384607e-01 1.050780117511749268e+00
4.929286977018267346e-01 1.043952922610675627e+00
4.873305833824396194e-01 1.046966056613361173e+00
5.179728933411903435e-01 1.042783826589584351e+00
5.058927519151443786e-01 1.043280512094497681e+00
4.979375368296994897e-01 1.040704125867170537e+00
4.608131997642899158e-01 1.042462383999543940e+00
5.465527401296405019e-01 1.039155392085804763e+00
4.699469652327636915e-01 1.040646447854883583e+00
4.982321744254566975e-01 1.043127215960446552e+00
4.670005892751915022e-01 1.043995797634124756e+00
5.029463759575721893e-01 1.042334526777267456e+00
4.905715969357690165e-01 1.045814962948069748e+00
5.250441956393635534e-01 1.043359328718746371e+00
4.917501473187979033e-01 1.050265343750224289e+00
4.861520329994107326e-01 1.049063971813987362e+00
4.787860931054802593e-01 1.048367780797621718e+00
4.670005892751915022e-01 1.046271006850635343e+00
4.690630524454920680e-01 1.041752824011970890e+00
4.808485562757807696e-01 1.054616940372130385e+00
4.717147908073069940e-01 1.051344545448527512e+00
4.693576900412492758e-01 1.047650257454199041e+00
4.681791396582203890e-01 1.045677563723395931e+00
4.728933411903358808e-01 1.065355561235371784e+00
4.684737772539775968e-01 1.054823106702636348e+00
4.616971125515615948e-01 1.062430780600098990e+00
4.725987035945786729e-01 1.088864131885416420e+00
4.469652327637006484e-01 1.076902964535881413e+00
4.711255156157925783e-01 1.078388712861958698e+00
4.502062463170300455e-01 1.082452170112553791e+00
4.437242192103712513e-01 1.066727492739172556e+00
4.616971125515615948e-01 1.068252734401646808e+00
4.678845020624631812e-01 1.093890366308829298e+00
4.499116087212728377e-01 1.100740539677002916e+00
4.487330583382439508e-01 1.085661186014904800e+00
4.678845020624631812e-01 1.094359218197710426e+00
4.731879787860930886e-01 1.093500182909123986e+00
4.670005892751915022e-01 1.099210093126577581e+00
4.678845020624631812e-01 1.124831168090596023e+00
4.678845020624631812e-01 1.105727618231492793e+00
4.746611667648791832e-01 1.124193963320816225e+00
4.678845020624631812e-01 1.126390552696059810e+00
4.714201532115497861e-01 1.139154267223442263e+00
4.622863877430760104e-01 1.144005262238137810e+00
4.493223335297584220e-01 1.140244865242172612e+00
4.684737772539775968e-01 1.116596372250248326e+00
4.507955215085445166e-01 1.129549414357718273e+00
4.531526222746022348e-01 1.118706462576108729e+00
4.395992928697701752e-01 1.185033210060175701e+00
4.481437831467295352e-01 1.104557284099214165e+00
4.419563936358279488e-01 1.125057997510713781e+00
4.201532115497937370e-01 1.154557159280075851e+00
4.528579846788450269e-01 1.083540730178356171e+00
4.310548025928108151e-01 1.120160672594519236e+00
4.337065409546257966e-01 1.144725594450445749e+00
4.313494401885680785e-01 1.113782170064309129e+00
4.348850913376546834e-01 1.100097786416025736e+00
4.151443724219210374e-01 1.121058044626432215e+00
4.422510312315851566e-01 1.080698150922270395e+00
4.505008839127872533e-01 1.058118878041996780e+00
4.378314672952268727e-01 1.097490277798736757e+00
4.057159693576900539e-01 1.139408065334839071e+00
4.390100176782557595e-01 1.067118788466734136e+00
4.513847967000589323e-01 1.039664825972388851e+00
4.534472598703594426e-01 1.030725248596247479e+00
4.516794342958161401e-01 1.005983247038196193e+00
4.540365350618739138e-01 1.006465630934519018e+00
4.596346493812610290e-01 1.000393303878167162e+00
4.505008839127872533e-01 1.014627789749818598e+00
4.534472598703594426e-01 9.892384655335370036e-01
4.534472598703594426e-01 9.918065132463679268e-01
4.646434885091337841e-01 9.728836452259737033e-01
4.758397171479080701e-01 9.467443582766196242e-01
4.490276959340011587e-01 1.014771693769623173e+00
4.649381261048909919e-01 9.708228080588228170e-01
4.566882734236888397e-01 1.007652879856965056e+00
4.661166764879198787e-01 9.705668508129960959e-01
4.678845020624631812e-01 9.670743065721848497e-01
4.678845020624631812e-01 9.817536727470510538e-01
4.608131997642899158e-01 9.887248663341298149e-01
4.681791396582203890e-01 9.609811117543893833e-01
4.652327637006481997e-01 9.518521406194743184e-01
4.658220388921626154e-01 9.617022534503656406e-01
4.737772539776075598e-01 9.594192412846228590e-01
4.690630524454920680e-01 9.633736150229678108e-01
4.655274012964054076e-01 9.108723441467565518e-01
4.614024749558043870e-01 9.242787957191467285e-01
4.646434885091337841e-01 9.216401230762986119e-01
4.717147908073069940e-01 9.654347252319840367e-01
4.581614614024749343e-01 8.951668138889705695e-01
4.658220388921626154e-01 9.382513967507025709e-01
4.705362404242781627e-01 9.160861859426778775e-01
4.672952268709487100e-01 8.942028441849876330e-01
4.699469652327636915e-01 9.090945860918830945e-01
4.717147908073069940e-01 8.928191135911380805e-01
4.696523276370064837e-01 9.156454924274893825e-01
4.702416028285208993e-01 8.965253873782998983e-01
4.720094284030642573e-01 8.758319261319497118e-01
4.746611667648791832e-01 8.931150098933893222e-01
4.723040659988214651e-01 8.789536199148964002e-01
5.026517383618149815e-01 8.614476226708468465e-01
4.770182675309369569e-01 8.857045795987633641e-01
4.746611667648791832e-01 9.301280572133905356e-01
4.852681202121390536e-01 8.621855575372191494e-01
4.964643488509133951e-01 8.448179460623684855e-01
4.985268120212139054e-01 8.527196961290696153e-01
5.456688273423688784e-01 8.377197980880737305e-01
4.852681202121390536e-01 8.402881788856843004e-01
5.533294048320566150e-01 8.441940226099070577e-01
5.403653506187389155e-01 8.434322033734882318e-01
5.939893930465527383e-01 8.502445045639487331e-01
5.627578078962875985e-01 8.399710681508568699e-01
5.489098408956982755e-01 8.499246918979812548e-01
6.037124337065409296e-01 8.349660705117618598e-01
5.315262227460223476e-01 8.198572370935889309e-01
5.536240424278138228e-01 8.330387359156328220e-01
5.427224513847966891e-01 8.404566452783697184e-01
5.583382439599292590e-01 8.535353510695344870e-01
5.633470830878020141e-01 8.552736061460831651e-01
5.931054802592811148e-01 8.173937201499938965e-01
5.987035945786682856e-01 8.256236818783423415e-01
5.763111373011196026e-01 8.310543149709701538e-01
5.760164997053623948e-01 8.272141704664510709e-01
5.648202710665880533e-01 8.642209224841174153e-01
5.742486741308191478e-01 8.376819710521137274e-01
5.659988214496169956e-01 8.676816921900299961e-01
5.589275191514436747e-01 8.595651712487725193e-01
5.601060695344726170e-01 8.912272216642603828e-01
5.439010017678255204e-01 9.050284808172899265e-01
5.907483794932233412e-01 8.292543123311856279e-01
5.919269298762521725e-01 8.551314907038912727e-01
5.356511490866234793e-01 9.457474180004176167e-01
5.436063641720683126e-01 9.011079195667716091e-01
5.247495580436063456e-01 8.729691948084270514e-01
5.388921626399528764e-01 8.993285057299277296e-01
5.206246317030053250e-01 9.229104369878768921e-01
5.624631703005303907e-01 8.527418195324785177e-01
5.500883912787272179e-01 8.775488405543214743e-01
5.350618738951090636e-01 9.375615667770890171e-01
4.767236299351797491e-01 9.543590409790768669e-01
5.147318797878609464e-01 9.055997475105173056e-01
5.212139068945197407e-01 1.012337690986254701e+00
5.088391278727165679e-01 9.378489124424317369e-01
5.215085444902769485e-01 9.566236478002632104e-01
4.964643488509133951e-01 1.018304101465379530e+00
4.935179728933412058e-01 1.009310715119628332e+00
5.150265173836181543e-01 9.868765839320772226e-01
4.319387153800824941e-01 1.107060833450626003e+00
5.274012964054213271e-01 9.693677870228010196e-01
5.064820271066587942e-01 9.815634541651782063e-01
4.481437831467295352e-01 1.066335431793156818e+00
5.471420153211550286e-01 9.352544999736196463e-01
4.401885680612846463e-01 1.106559104121783266e+00
4.988214496169711132e-01 1.038490022368290910e+00
4.531526222746022348e-01 1.099625367013847166e+00
4.625810253388332183e-01 1.101613458026857950e+00
4.230995875073659263e-01 1.203466665876262276e+00
5.044195639363582284e-01 1.019039983477662670e+00
4.614024749558043870e-01 1.121918979155666740e+00
4.967589864466706029e-01 1.069746868356185709e+00
4.616971125515615948e-01 1.149933918214896211e+00
4.599292869770182923e-01 1.158481942161041056e+00
4.272245138479670024e-01 1.219194368185365862e+00
4.443134944018856669e-01 1.187477373463265984e+00
3.927519151443724099e-01 1.317312046666355707e+00
4.510901591043017245e-01 1.201245756052872649e+00
4.596346493812610290e-01 1.207817736355697447e+00
4.148497348261638296e-01 1.298050965456401640e+00
4.295816146140247760e-01 1.267414387753781124e+00
3.909840895698291074e-01 1.323333048426053038e+00
4.472598703594578562e-01 1.241470492499716194e+00
4.001178550383028831e-01 1.302893111043993191e+00
3.948143783146729757e-01 1.321750206105849257e+00
4.201532115497937370e-01 1.330576000625596222e+00
3.774307601649970478e-01 1.347309859250398256e+00
4.068945197407189407e-01 1.305661512867492879e+00
4.057159693576900539e-01 1.402169022380429064e+00
4.207424867413082081e-01 1.308661351528237926e+00
4.127872716558632638e-01 1.361654796582810967e+00
3.906894519740718996e-01 1.374399995321736512e+00
4.245727754861520209e-01 1.239459356621784414e+00
3.956982911019445992e-01 1.376738632097840309e+00
4.328226281673541731e-01 1.300246547469321445e+00
4.507955215085445166e-01 1.265760414959753222e+00
3.532704773129051179e-01 1.544678367455216028e+00
4.263406010606953234e-01 1.333271134863881491e+00
3.512080141426046076e-01 1.462115012328414343e+00
3.786093105480259347e-01 1.516528067124240486e+00
