2.309958750736594013e-01 1.122990808066199886e+00
1.526222746022392329e-01 1.100859484251807796e+00
2.834413671184443095e-01 1.081296717419343745e+00
2.342368886269887984e-01 1.070802252082263761e+00
3.898055391868002206e-01 1.044586562058504864e+00
3.025928108426635399e-01 1.060180429150076487e+00
3.912787271655863153e-01 1.041462870205149827e+00
4.018856806128461856e-01 1.042932675165288536e+00
4.260459634649381155e-01 1.022872851175420372e+00
4.172068355922215477e-01 1.019933127305086895e+00
4.781968179139658437e-01 1.003783986848943321e+00
4.961697112551561317e-01 9.899007327416363688e-01
5.503830288744844257e-01 9.745200995136710231e-01
6.087212728344136847e-01 9.522074425921720486e-01
5.957572186210960963e-01 9.462580645785612088e-01
6.423099587507365982e-01 9.230425322757047635e-01
6.358279316440778040e-01 9.036581235773423204e-01
6.208014142604596497e-01 9.126790814539965657e-01
6.549793753682969788e-01 8.974348692332997368e-01
6.688273423688863017e-01 8.921582365737241727e-01
6.599882144961697339e-01 8.897799253463745117e-01
6.953447259870358943e-01 8.766963481903076172e-01
6.461402474955804109e-01 8.723545425078448323e-01
6.700058927519151331e-01 8.601712637087878255e-01
6.661756040070713203e-01 8.418930216747171347e-01
6.753093694755450960e-01 8.259575147839153253e-01
6.758986446670595116e-01 8.184105350690729086e-01
6.814967589864466824e-01 8.060481443124658529e-01
6.626399528579847154e-01 8.128055526929742758e-01
6.705951679434295487e-01 8.227566813721376437e-01
6.761932822628167195e-01 7.978918175486957587e-01
6.443724219210371640e-01 8.019020960611455973e-01
6.770771950500883429e-01 7.827332186348298082e-01
6.623453152622275075e-01 7.947320631321739270e-01
6.744254566882734725e-01 7.935048587181988688e-01
6.570418385385975446e-01 7.774544261834200887e-01
6.493812610489098081e-01 7.596577668891233426e-01
6.785503830288744931e-01 7.761949774096993382e-01
6.443724219210371640e-01 7.410790517049676840e-01
7.091926929876252172e-01 7.370591014623641968e-01
6.841484973482616638e-01 7.317388627459021633e-01
6.758986446670595116e-01 7.011702507734298706e-01
6.897466116676488346e-01 7.102014141924241075e-01
6.870948733058338531e-01 7.151650072020643290e-01
7.159693576900412193e-01 6.941346552442101414e-01
6.985857395403654024e-01 6.942045359927064840e-01
7.545668827342368878e-01 6.726115258301005317e-01
7.215674720094283900e-01 6.660406791112002400e-01
7.404242781378903571e-01 6.574889951769042895e-01
7.413081909251620916e-01 6.611014979288858395e-01
7.763700648202710441e-01 6.440402896088712748e-01
7.967000589275191613e-01 6.319065264919224711e-01
7.410135533294048837e-01 6.459072444807080204e-01
7.860931054802592355e-01 6.181667712243164026e-01
7.312905126694165814e-01 6.545545215554097185e-01
7.881555686505598013e-01 6.209381209576830818e-01
7.993517972893341428e-01 5.945168513366404506e-01
7.919858573954036141e-01 6.305321086855495416e-01
7.657631113730112293e-01 6.360591766150558435e-01
8.111373011196228999e-01 6.089221379336189344e-01
8.152622274602239205e-01 5.928010861663257636e-01
8.299941072480848669e-01 5.866642832098638571e-01
8.370654095462580768e-01 5.669745157527572577e-01
8.158515026517383362e-01 5.846624363432911808e-01
8.102533883323511654e-01 5.876093484899577168e-01
8.129051266941661469e-01 5.838090510052793558e-01
8.123158515026517312e-01 5.973800387890899621e-01
8.205657041838538834e-01 5.598026909591520273e-01
7.751915144372422128e-01 6.050629365970107143e-01
8.031820860341779555e-01 5.777688046150347700e-01
8.155568650559811283e-01 5.715465319945531864e-01
8.252799057159693197e-01 5.894126083482714717e-01
8.311726576311136983e-01 5.603006472263265536e-01
8.078962875662935028e-01 5.632255953900954237e-01
8.594578668238067598e-01 5.507491599110996283e-01
8.550383028874484204e-01 5.381856356911799422e-01
8.282262816735415090e-01 5.682801523191087778e-01
8.155568650559811283e-01 5.380838694160475777e-01
8.341190335886858875e-01 5.340007504119592685e-01
8.005303476723629741e-01 5.757217234110131310e-01
8.255745433117265275e-01 5.190739655757651283e-01
8.229228049499116571e-01 5.384148549945915185e-01
8.517972893341190233e-01 5.445710714249050177e-01
8.432527990571596632e-01 5.299896139870671208e-01
8.385385975250442270e-01 5.079387121779077585e-01
8.185032410135533176e-01 5.671166291131692905e-01
8.267530936947554698e-01 5.641599192338830893e-01
8.738951090159103874e-01 5.093555905144003804e-01
8.043606364172067869e-01 5.430084572118871744e-01
8.376546847377724925e-01 5.227708533844527272e-01
8.700648202710665746e-01 4.950838824186254983e-01
8.376546847377724925e-01 4.964908331851748957e-01
8.612256923983500068e-01 5.149754518095184253e-01
8.476723629935180027e-01 5.299105390029794638e-01
8.453152622274602290e-01 5.187658163554528246e-01
8.597525044195639676e-01 5.002265817978802653e-01
8.777253977607543112e-01 4.722785527872688793e-01
8.933411903358868811e-01 4.504318317288861784e-01
8.665291691219799697e-01 4.746919806827517019e-01
8.968768414849734860e-01 4.507668599048081370e-01
8.789039481437831425e-01 4.853677830713636898e-01
8.862698880377135602e-01 4.435792269513887387e-01
8.771361225692397845e-01 4.559913863811422829e-01
8.874484384207425025e-01 4.401430288220153364e-01
8.874484384207425025e-01 4.521582706228775006e-01
8.986446670595168440e-01 4.288367875577772104e-01
8.865645256334708790e-01 4.297354340772418513e-01
8.901001767825574840e-01 4.273774664410773250e-01
8.974661166764879017e-01 4.209345100337968382e-01
8.939304655274012967e-01 4.366799809915177799e-01
8.895109015910430683e-01 4.321771481019608951e-01
8.968768414849734860e-01 4.110514843726859602e-01
8.918680023571007309e-01 4.229504936100805246e-01
8.971714790807306938e-01 4.016250411377233487e-01
8.842074248674131054e-01 4.235236740068477612e-01
8.948143783146729202e-01 3.889595116762554206e-01
8.892162639952857495e-01 4.231536421267425574e-01
8.818503241013553318e-01 4.358000685186946832e-01
8.898055391868002761e-01 4.009526098037467512e-01
9.007071302298172988e-01 3.710464016698739043e-01
8.812610489098409161e-01 4.016358902787460772e-01
8.797878609310547660e-01 3.962353304685914956e-01
8.847967000589275210e-01 3.917790385072721926e-01
8.871538008249852947e-01 3.696286552311742746e-01
8.845020624631703132e-01 3.783674069735057377e-01
8.856806128461991445e-01 3.813180249622639684e-01
8.768414849734825767e-01 4.053871867192141987e-01
8.853859752504419367e-01 3.623179347966523633e-01
8.553329404832056282e-01 3.849609075661967750e-01
8.853859752504419367e-01 3.484741744092282323e-01
8.842074248674131054e-01 3.473203154280781746e-01
8.871538008249852947e-01 3.514035899630364446e-01
8.756629345904537454e-01 3.269496840041349883e-01
8.871538008249852947e-01 3.420159790445776449e-01
8.715380082498527248e-01 3.462557335767675881e-01
8.803771361225692926e-01 3.571392247343764814e-01
8.945197407189157124e-01 3.138156673213576831e-01
8.706540954625809903e-01 3.207254427594735113e-01
8.806717737183265005e-01 3.000971727785380350e-01
8.783146729522687268e-01 3.637259114971932439e-01
8.930465527401296733e-01 3.142667469458983454e-01
8.794932233352975581e-01 3.524477946407654771e-01
8.892162639952857495e-01 3.224432805607862496e-01
8.948143783146729202e-01 3.152163586414912233e-01
8.659398939304655540e-01 3.439603213439969553e-01
8.821449616971125396e-01 3.342931522056460381e-01
8.909840895698291074e-01 3.203474617398837099e-01
8.626988803771361569e-01 3.487000724519876971e-01
8.883323512080141260e-01 3.267457626540871130e-01
8.809664113140837083e-01 3.359308520551113619e-01
8.727165586328815561e-01 3.251727134646738016e-01
8.768414849734825767e-01 3.077285642023472323e-01
8.927519151443724654e-01 3.017788777566131619e-01
8.936358279316440889e-01 3.217004750143079295e-01
8.962875662934590704e-01 3.083754446467055765e-01
8.945197407189157124e-01 3.049209518358111382e-01
8.962875662934590704e-01 3.173708803951740265e-01
8.959929286977018625e-01 3.241498113116797475e-01
9.021803182086034489e-01 2.952666247592252713e-01
9.154390100176782452e-01 2.616772287360885629e-01
9.086623453152622432e-01 2.808839264873634334e-01
9.074837949322333008e-01 2.868898462175446529e-01
8.880377136122569182e-01 3.355560057303484944e-01
8.730111962286387639e-01 3.327443078160285950e-01
8.948143783146729202e-01 2.577564893016481840e-01
8.898055391868002761e-01 2.584861159215078863e-01
8.470830878020035870e-01 3.727717421510640117e-01
9.169121979964643954e-01 2.531367309172363744e-01
9.039481437831466959e-01 2.833325031816082973e-01
9.145550972304066217e-01 2.370310110478278387e-01
8.895109015910430683e-01 2.854679912766989736e-01
9.033588685916322802e-01 2.706681823029237766e-01
8.853859752504419367e-01 2.816137925119084340e-01
9.033588685916322802e-01 2.938366292921059109e-01
8.912787271655863153e-01 2.549430829308488855e-01
8.847967000589275210e-01 3.042677090338924417e-01
8.780200353565115190e-01 3.041214969776132593e-01
9.086623453152622432e-01 2.485665190307533023e-01
8.827342368886269552e-01 3.130490696605514045e-01
8.942251031231585046e-01 2.694653061437694563e-01
8.948143783146729202e-01 2.806187739376636014e-01
9.045374189746611115e-01 2.632708776851787058e-01
9.010017678255745066e-01 2.794523050679880161e-01
9.101355332940482823e-01 2.418050259516081324e-01
8.780200353565115190e-01 3.169666143572505979e-01
9.172068355922216032e-01 2.241310532040455827e-01
9.086623453152622432e-01 2.570030799628618690e-01
9.104301708898054901e-01 2.325061076758977163e-01
9.074837949322333008e-01 2.525030569009044656e-01
9.054213317619328460e-01 2.577128392260740752e-01
8.114319387153801078e-01 4.862086649655419368e-01
8.942251031231585046e-01 2.699052327422096220e-01
9.222156747200942473e-01 2.078734242549056532e-01
8.842074248674131054e-01 2.975615941755035410e-01
9.089569829110194510e-01 2.375333973699632895e-01
9.195639363582792658e-01 2.255657417973613021e-01
9.113140836770772246e-01 2.321265396004652259e-01
9.104301708898054901e-01 2.373903248294749746e-01
8.959929286977018625e-01 2.404501186957692382e-01
8.715380082498527248e-01 3.184539494926438841e-01
