1.538008249852681197e-01 1.147941470146179199e+00
1.487919858573953924e-01 1.151116744560353844e+00
2.259870359457866740e-01 1.129355663762373174e+00
3.833235120801414264e-01 1.117033534190233990e+00
3.862698880377136157e-01 1.113339571391835037e+00
3.414849734826163608e-01 1.122861704405616390e+00
3.447259870359458134e-01 1.120591915705624775e+00
3.447259870359458134e-01 1.129366638029322800e+00
3.447259870359458134e-01 1.136631774551728258e+00
3.447259870359458134e-01 1.143680658410577200e+00
3.447259870359458134e-01 1.138603317386963854e+00
3.447259870359458134e-01 1.140188839505700491e+00
3.447259870359458134e-01 1.139564096927642822e+00
3.447259870359458134e-01 1.134633690118789673e+00
3.447259870359458134e-01 1.133915040422888376e+00
3.447259870359458134e-01 1.132790334084454731e+00
3.447259870359458134e-01 1.130001182065290655e+00
3.447259870359458134e-01 1.128641075947705463e+00
3.447259870359458134e-01 1.118397959891487492e+00
3.447259870359458134e-01 1.114223120843663040e+00
3.447259870359458134e-01 1.109927529797834600e+00
3.447259870359458134e-01 1.103911249076618972e+00
3.447259870359458134e-01 1.094592096174464402e+00
3.447259870359458134e-01 1.096969713183010287e+00
3.447259870359458134e-01 1.098143887870451918e+00
3.447259870359458134e-01 1.084429486709482582e+00
3.447259870359458134e-01 1.086963281911962120e+00
3.447259870359458134e-01 1.078715946744470022e+00
3.447259870359458134e-01 1.078511476516723633e+00
3.447259870359458134e-01 1.067117862841662213e+00
3.447259870359458134e-01 1.066446148297365948e+00
3.447259870359458134e-01 1.066260483335046194e+00
3.447259870359458134e-01 1.052845102899214735e+00
3.447259870359458134e-01 1.055768216357511724e+00
3.624042427813788936e-01 1.039082607802222835e+00
3.812610489098409161e-01 1.031056006165111727e+00
3.526812021213907022e-01 1.029060751199722290e+00
3.850913376546847289e-01 1.028877428349326717e+00
3.786093105480259347e-01 1.033012137693517296e+00
3.850913376546847289e-01 1.024116970160428242e+00
4.404832056570418541e-01 1.019684221814660452e+00
3.924572775486152021e-01 1.022058742887833604e+00
4.407778432527990620e-01 1.012760370969772339e+00
4.416617560400706854e-01 1.016411560423233995e+00
4.484384207424867430e-01 1.015830567654441463e+00
5.724808485562757898e-01 1.011667726670994583e+00
5.745433117265763556e-01 1.005403483615202154e+00
4.858573954036535247e-01 1.008922424386529348e+00
4.864466705951679404e-01 1.007020883700426861e+00
5.173836181496759279e-01 1.010737491004607191e+00
5.798467884502062075e-01 9.979557517696829860e-01
5.627578078962875985e-01 1.009473583277534114e+00
5.727754861520329976e-01 1.001939605264102751e+00
5.615792575132586562e-01 9.995305292746600179e-01
5.695344725987036005e-01 9.853498094222125081e-01
5.665880966411314112e-01 9.908504801637986192e-01
5.836770771950501313e-01 9.793880143586326525e-01
5.710076605774896397e-01 9.821720964768353435e-01
5.701237477902180162e-01 9.711464818786171849e-01
5.651149086623452611e-01 9.670982308247509929e-01
5.639363582793164298e-01 9.674793587011449869e-01
5.583382439599292590e-01 9.682624392649706868e-01
5.618738951090158640e-01 9.540791809558868408e-01
5.577489687684148434e-01 9.555236206335180338e-01
5.680612846199174504e-01 9.513108888093162463e-01
5.574543311726576356e-01 9.547398844185996936e-01
5.621685327047731828e-01 9.501348795259699775e-01
5.786682380671773762e-01 9.339581465019899387e-01
5.489098408956982755e-01 9.415497806142357762e-01
4.805539186800235618e-01 9.516906019519356663e-01
4.852681202121390536e-01 9.530270906055674507e-01
5.005892751915144157e-01 9.450570239740259115e-01
4.829110194460813354e-01 9.501132211264442518e-01
4.861520329994107326e-01 9.555363164228551920e-01
4.372421921037124570e-01 9.466635269277235976e-01
4.572775486152033109e-01 9.439879051026176526e-01
4.917501473187979033e-01 9.244560739573310926e-01
4.357690041249263624e-01 9.410952943212845812e-01
4.552150854449027451e-01 9.309064193683511679e-01
4.463759575721862327e-01 9.363962271634269641e-01
3.912787271655863153e-01 9.716073660289540337e-01
4.045374189746611671e-01 9.670345222248750705e-01
3.921626399528579943e-01 9.865949434392592421e-01
3.718326458456098771e-01 1.002436201362048918e+00
4.089569829110194510e-01 1.002272583105984882e+00
3.753682969946965375e-01 1.030585145249086176e+00
3.803771361225692371e-01 1.027866336352684984e+00
3.653506187389510829e-01 1.039865808451876816e+00
3.632881555686505726e-01 1.069391148931839952e+00
3.606364172068355911e-01 1.064546712181147381e+00
3.509133765468473998e-01 1.157012244357782160e+00
3.715380082498526693e-01 1.128618814489420696e+00
3.526812021213907022e-01 1.134787588435060890e+00
3.108426635238656366e-01 1.157739519196398170e+00
3.565114908662345150e-01 1.251687066519961533e+00
3.096641131408367498e-01 1.283604635035290542e+00
3.562168532704773072e-01 1.259370672352173814e+00
2.975839717147907848e-01 1.253488316255457313e+00
3.432527990571597187e-01 1.224461351247394747e+00
3.034767236299351634e-01 1.269775254761471572e+00
3.164407778432528073e-01 1.310551162151729399e+00
3.087802003535651263e-01 1.347826833234113897e+00
3.252799057159693752e-01 1.365640806362909521e+00
3.252799057159693752e-01 1.408906188519561953e+00
3.252799057159693752e-01 1.450621056644355589e+00
3.252799057159693752e-01 1.520316890495664985e+00
3.252799057159693752e-01 1.427033500636325059e+00
3.252799057159693752e-01 1.414615013581864922e+00
3.252799057159693752e-01 1.477354416952413763e+00
3.252799057159693752e-01 1.491299423224785814e+00
3.252799057159693752e-01 1.492090695482843010e+00
3.252799057159693752e-01 1.524114556172314838e+00
3.252799057159693752e-01 1.514236818341647917e+00
3.252799057159693752e-01 1.554599197910112585e+00
3.252799057159693752e-01 1.455923229894217297e+00
3.252799057159693752e-01 1.483641802388079078e+00
3.252799057159693752e-01 1.572723787277936935e+00
3.252799057159693752e-01 1.489019541179432693e+00
3.252799057159693752e-01 1.642032193129553619e+00
3.252799057159693752e-01 1.651678569176617817e+00
3.252799057159693752e-01 1.575588235741152587e+00
3.252799057159693752e-01 1.715628630974713520e+00
3.252799057159693752e-01 1.727958898443509472e+00
3.252799057159693752e-01 1.610064591993303873e+00
3.252799057159693752e-01 1.617678837741122422e+00
3.252799057159693752e-01 1.668261741890626704e+00
3.252799057159693752e-01 1.574301991830853842e+00
3.252799057159693752e-01 1.742968243382432947e+00
3.252799057159693752e-01 1.785263601580963311e+00
3.252799057159693752e-01 1.773008664522100819e+00
3.252799057159693752e-01 1.732503950814990423e+00
3.252799057159693752e-01 1.970914478139842219e+00
3.252799057159693752e-01 1.865970836514059261e+00
3.252799057159693752e-01 1.868095690055805003e+00
3.252799057159693752e-01 1.945620203828986927e+00
3.252799057159693752e-01 1.955446805695400414e+00
3.252799057159693752e-01 1.843396124156082339e+00
3.252799057159693752e-01 1.884990823948208050e+00
3.252799057159693752e-01 1.977887038470191206e+00
3.252799057159693752e-01 2.056702824254684536e+00
3.252799057159693752e-01 2.114219410454525772e+00
3.252799057159693752e-01 1.983751959879608728e+00
3.252799057159693752e-01 1.972845362773274713e+00
3.252799057159693752e-01 2.327910504796925739e+00
3.252799057159693752e-01 2.017711028073202240e+00
3.252799057159693752e-01 2.277645009460256276e+00
3.252799057159693752e-01 2.307165229830014486e+00
3.252799057159693752e-01 2.195849500213037597e+00
3.252799057159693752e-01 2.214628082919208651e+00
3.252799057159693752e-01 2.271572671858046011e+00
3.252799057159693752e-01 2.204337596290689927e+00
3.252799057159693752e-01 2.326129167231128392e+00
3.252799057159693752e-01 2.434653820497367338e+00
3.252799057159693752e-01 2.400958477875546393e+00
3.252799057159693752e-01 2.284074997803305695e+00
3.252799057159693752e-01 2.300712447476518374e+00
3.252799057159693752e-01 2.663191470317542553e+00
3.252799057159693752e-01 2.580404317403650616e+00
3.252799057159693752e-01 2.570852418265798356e+00
3.252799057159693752e-01 2.887700301855254725e+00
3.252799057159693752e-01 2.470466905903509591e+00
3.252799057159693752e-01 2.592091176111031903e+00
3.252799057159693752e-01 2.710026257931638316e+00
3.252799057159693752e-01 2.646525104626026970e+00
3.252799057159693752e-01 2.645385993918513368e+00
3.252799057159693752e-01 2.607541193692561432e+00
3.252799057159693752e-01 2.590356210109722834e+00
3.252799057159693752e-01 2.821127879090935764e+00
3.252799057159693752e-01 2.762431116911637563e+00
3.252799057159693752e-01 2.823882451952051564e+00
3.252799057159693752e-01 2.665252306909464686e+00
3.252799057159693752e-01 2.986681233434115956e+00
3.252799057159693752e-01 2.753105008687056987e+00
3.252799057159693752e-01 2.929595955442089394e+00
3.252799057159693752e-01 2.743351863834130544e+00
3.252799057159693752e-01 2.842816426432417387e+00
3.252799057159693752e-01 3.300569160019650283e+00
3.252799057159693752e-01 2.760203355745248111e+00
3.252799057159693752e-01 2.786480744561071088e+00
3.252799057159693752e-01 3.003124565173707516e+00
3.252799057159693752e-01 2.991458818645161610e+00
3.252799057159693752e-01 3.129350287634331540e+00
3.252799057159693752e-01 3.205486779587398249e+00
3.252799057159693752e-01 3.037956322584410618e+00
3.252799057159693752e-01 3.239853069590240331e+00
3.252799057159693752e-01 3.533003536484423446e+00
3.252799057159693752e-01 3.195804214440560287e+00
3.252799057159693752e-01 3.024598570020102350e+00
3.252799057159693752e-01 3.201452930471585745e+00
3.252799057159693752e-01 3.216696831356624653e+00
3.252799057159693752e-01 3.392278636442771500e+00
3.252799057159693752e-01 3.432038766373058269e+00
3.252799057159693752e-01 3.327864448985029977e+00
3.252799057159693752e-01 3.577404878427520973e+00
3.252799057159693752e-01 3.364851721309070509e+00
3.252799057159693752e-01 3.496842831811484142e+00
3.252799057159693752e-01 3.622182232468142526e+00
3.252799057159693752e-01 3.452071480726932595e+00
3.252799057159693752e-01 3.205129435758435008e+00
3.252799057159693752e-01 3.415553984691060307e+00
