4.325279905715969098e-01 1.048128766172072401e+00
5.017678255745433580e-01 1.033227967865326891e+00
5.218031820860341563e-01 1.029983744901769249e+00
5.035356511490866049e-01 1.030138347078772165e+00
5.014731879787860391e-01 1.025447668398127732e+00
4.997053624042427922e-01 1.016298206413493332e+00
4.077784325279905642e-01 1.035656033193363967e+00
3.691809074837949511e-01 1.040554581319584670e+00
3.571007660577489862e-01 1.044514252859003456e+00
3.488509133765468340e-01 1.057323727537603952e+00
3.532704773129051179e-01 1.053572160356184950e+00
3.565114908662345150e-01 1.054122037747327045e+00
3.550383028874484204e-01 1.059266123701544382e+00
3.556275780789628915e-01 1.061388106907115159e+00
3.585739540365350808e-01 1.058853501782697881e+00
3.562168532704773072e-01 1.068209105554748906e+00
3.488509133765468340e-01 1.065287721507689467e+00
3.503241013553329286e-01 1.065504249404458426e+00
3.559222156747200994e-01 1.069434249225784672e+00
3.594578668238067043e-01 1.061405010083142475e+00
3.568061284619917228e-01 1.077228962498552711e+00
3.573954036535061940e-01 1.076889091554809941e+00
3.597525044195639121e-01 1.073184971423710055e+00
3.597525044195639121e-01 1.078730265007299627e+00
3.585739540365350808e-01 1.084052500479361525e+00
3.618149675898644779e-01 1.080834805965423584e+00
3.626988803771361014e-01 1.075141493011923410e+00
3.612256923983500068e-01 1.081259272116072090e+00
3.629935179728933647e-01 1.071202352643013000e+00
3.606364172068355911e-01 1.097045790623216055e+00
3.632881555686505726e-01 1.051550490014693251e+00
3.626988803771361014e-01 1.072548215880113398e+00
3.632881555686505726e-01 1.061694618971908755e+00
3.626988803771361014e-01 1.087826028027955250e+00
3.632881555686505726e-01 1.059919423040221798e+00
3.632881555686505726e-01 1.056692666867200092e+00
3.632881555686505726e-01 1.064111456055851557e+00
3.626988803771361014e-01 1.111833185614908404e+00
3.632881555686505726e-01 1.074403204242972754e+00
3.632881555686505726e-01 1.072435266831341938e+00
3.635827931644077804e-01 1.051285068121026622e+00
3.668238067177371775e-01 1.052796930293826483e+00
3.632881555686505726e-01 1.096145002280964675e+00
3.650559811431938750e-01 1.081432213239809981e+00
3.665291691219799697e-01 1.066841406199861897e+00
3.629935179728933647e-01 1.172344843583071894e+00
3.659398939304655540e-01 1.097935881246538736e+00
3.632881555686505726e-01 1.130931786097147951e+00
3.629935179728933647e-01 1.168088367647107884e+00
3.632881555686505726e-01 1.165507068419281200e+00
3.629935179728933647e-01 1.175536398173255170e+00
3.659398939304655540e-01 1.129685869769138540e+00
3.659398939304655540e-01 1.154363390167846504e+00
3.650559811431938750e-01 1.172448985936010546e+00
3.685916322922804800e-01 1.131047975381507698e+00
3.629935179728933647e-01 1.203702736755504432e+00
3.688862698880376878e-01 1.156147395863252436e+00
3.671184443134943853e-01 1.161500232622904027e+00
3.629935179728933647e-01 1.243006589219850744e+00
3.703594578668237824e-01 1.150926622507326691e+00
3.626988803771361014e-01 1.279076921863152805e+00
3.626988803771361014e-01 1.251484154340098964e+00
3.682969946965232722e-01 1.181755770545672046e+00
3.659398939304655540e-01 1.251331580748014538e+00
3.694755450795521590e-01 1.181684696389471823e+00
3.662345315262227619e-01 1.278863713912227640e+00
3.694755450795521590e-01 1.225437677629730215e+00
3.680023571007660643e-01 1.240416253807351765e+00
3.706540954625810458e-01 1.193794566809254443e+00
3.706540954625810458e-01 1.219193837112363621e+00
3.688862698880376878e-01 1.278569372589973829e+00
3.706540954625810458e-01 1.265585784252513779e+00
3.697701826753093668e-01 1.259885614025680445e+00
3.694755450795521590e-01 1.336680237313403907e+00
3.697701826753093668e-01 1.311983468011021614e+00
3.685916322922804800e-01 1.337822235518080438e+00
3.712433706540954614e-01 1.291828773915767670e+00
3.700648202710665746e-01 1.360931405633249769e+00
3.709487330583382536e-01 1.314388008404742347e+00
3.715380082498526693e-01 1.284497987369404015e+00
3.691809074837949511e-01 1.383390819873003386e+00
3.756629345904537454e-01 1.204638297012185388e+00
3.706540954625810458e-01 1.358492795487537208e+00
3.703594578668237824e-01 1.364426459350130072e+00
3.856806128461992000e-01 1.308295423384098433e+00
3.718326458456098771e-01 1.333852138589410208e+00
3.721272834413671404e-01 1.400849992929793508e+00
3.718326458456098771e-01 1.377547269906191252e+00
3.821449616971125396e-01 1.415159964112236324e+00
3.915733647613435231e-01 1.276818582240272892e+00
3.850913376546847289e-01 1.354785041061832729e+00
3.883323512080141260e-01 1.325862058657495401e+00
3.839127872716558421e-01 1.440080097246476898e+00
4.248674130819092287e-01 1.246687081039828504e+00
3.727165586328815561e-01 1.525078003760427237e+00
3.862698880377136157e-01 1.438539341530379101e+00
3.903948143783146918e-01 1.400391533286036827e+00
3.951090159104301835e-01 1.399856498711468555e+00
3.806717737183264449e-01 1.527944848352276175e+00
4.413671184443134776e-01 1.221003334421445263e+00
4.012964054213317699e-01 1.392143967780558489e+00
4.024749558043606568e-01 1.354038734728580051e+00
4.021803182086033934e-01 1.385678588056608262e+00
4.172068355922215477e-01 1.405698908191612473e+00
3.956982911019445992e-01 1.488431398373316394e+00
4.431349440188567801e-01 1.278428538017632343e+00
4.284030642309958892e-01 1.385247552356518419e+00
4.431349440188567801e-01 1.332369297934586472e+00
4.537418974661166504e-01 1.259131049819509851e+00
4.631703005303476894e-01 1.243493949337040716e+00
4.499116087212728377e-01 1.302783489172511189e+00
4.578668238067177265e-01 1.260854082182049751e+00
4.634649381261048973e-01 1.282897299073417319e+00
4.552150854449027451e-01 1.283764048232970856e+00
4.699469652327636915e-01 1.275379155269440457e+00
5.082498526812021522e-01 1.190500091980485342e+00
5.324101355332940821e-01 1.104129833497983659e+00
5.359457866823806871e-01 1.143761194639784540e+00
5.088391278727165679e-01 1.229292132398661419e+00
5.589275191514436747e-01 1.105316851671565903e+00
5.421331761932822735e-01 1.113552369232125194e+00
5.359457866823806871e-01 1.128211988738792693e+00
5.103123158515026070e-01 1.255890038083581350e+00
5.268120212139069114e-01 1.161223182701231815e+00
5.306423099587507242e-01 1.188200732830035244e+00
5.527401296405420883e-01 1.138876703184317218e+00
5.583382439599292590e-01 1.104181728134041363e+00
5.627578078962875985e-01 1.107135456028010889e+00
5.904537418974661334e-01 1.107896280420177071e+00
5.400707130229817077e-01 1.159241459496757498e+00
6.054802592810842876e-01 1.089706753271029172e+00
6.019446081319976827e-01 1.064616137896390535e+00
6.013553329404831560e-01 1.097495651886086332e+00
6.031231585150265140e-01 1.075073916602003132e+00
6.025338833235120983e-01 1.080074135515400657e+00
5.804360636417207342e-01 1.153698383063516131e+00
6.037124337065409296e-01 1.076039269785670660e+00
6.119622863877430818e-01 1.023425538476337326e+00
6.028285209192693062e-01 1.086342954569879726e+00
6.110783736004714584e-01 1.066338543259703009e+00
6.414260459634649747e-01 9.994980780791271613e-01
6.019446081319976827e-01 1.109662221826832162e+00
6.131408367707719131e-01 1.021038265542729917e+00
6.101944608131997239e-01 1.035065889632438951e+00
6.101944608131997239e-01 1.102114120032638311e+00
5.851502651738361704e-01 1.180896886720267380e+00
6.817913965822038902e-01 9.242995789767626258e-01
6.399528579846788245e-01 9.795328196247711228e-01
6.222746022392456888e-01 1.011818673735594087e+00
6.178550383028874604e-01 1.023301460396717655e+00
6.387743076016499932e-01 1.019414144568145275e+00
6.190335886859162917e-01 1.011558653923737561e+00
6.487919858573953924e-01 9.723039411884897287e-01
6.428992339422510138e-01 1.000457062988596713e+00
6.222746022392456888e-01 1.026708223281756815e+00
6.493812610489098081e-01 9.726475006352890418e-01
6.296405421331762176e-01 1.049528379321974958e+00
5.760164997053623948e-01 1.161678120439105122e+00
6.426045963464938060e-01 9.868103326298296452e-01
6.317030053034766723e-01 1.017641579266637564e+00
6.723629935179729067e-01 8.969790335087215460e-01
6.278727165586328596e-01 1.058839176726691811e+00
6.390689451974072011e-01 9.861110853688681566e-01
6.231585150265174233e-01 1.025966791244333320e+00
6.210960518562168575e-01 1.084475949653150417e+00
6.490866234531526002e-01 9.854819347588893441e-01
6.361225692398350118e-01 9.743367681718048123e-01
6.558632881555686023e-01 9.228963301900554583e-01
6.390689451974072011e-01 1.010067083133274979e+00
6.205067766647024419e-01 1.099639486822792778e+00
6.137301119622864398e-01 1.068772527005742656e+00
6.140247495580436476e-01 1.165647076086743894e+00
6.078373600471420612e-01 1.095109958311214271e+00
6.090159104301708926e-01 1.122127842459389457e+00
6.084266352386564769e-01 1.079946165082647624e+00
6.149086623453152711e-01 1.050843965563484916e+00
6.246317030053034625e-01 1.003807163523400492e+00
6.193282262816734995e-01 1.009374678518403901e+00
6.682380671773718861e-01 9.112589885206783258e-01
6.278727165586328596e-01 1.066088623805519386e+00
6.222746022392456888e-01 1.077761837719556137e+00
6.567472009428403368e-01 9.372675256146227873e-01
6.175604007071302526e-01 1.045334687922149897e+00
6.281673541543900674e-01 1.004722297219011740e+00
5.662934590453742034e-01 1.270207799313699537e+00
6.290512669416618019e-01 1.003703542163266960e+00
6.361225692398350118e-01 1.010952478521229603e+00
6.249263406010606703e-01 1.095704298137741839e+00
6.213906894519740653e-01 1.032824216602260536e+00
6.160872127283441024e-01 1.048441744026015865e+00
6.228638774307602155e-01 1.093626079752164637e+00
6.154979375368296868e-01 1.060161555377656883e+00
6.390689451974072011e-01 1.030792560181854389e+00
5.633470830878020141e-01 1.332090735291678651e+00
6.502651738361815426e-01 9.480022451128152783e-01
6.275780789628756517e-01 1.053969676852883675e+00
6.879787860931054766e-01 9.040478934150408818e-01
5.984089569829109667e-01 1.228677727104000361e+00
6.057748968768414954e-01 1.120289844597744500e+00
6.057748968768414954e-01 1.134968456538284487e+00
